0|002390|20160707|789675419.23
0|300431|20160406|608613300
0|002095|20160118|427476594.42
0|002709|20160517|343007999.4
0|002222|20160721|348470758.45
1|601111|20160120|329479310
1|603968|20160728|388073748.76
0|002468|20160113|310007576.52
0|002465|20160204|300413518
0|002292|20160125|339736791.71
0|002067|20160525|296391022.67
0|000002|20160705|1490048470
1|600273|20160617|298203129.44
0|000758|20160707|297917603.5
0|300017|20160112|326195761.2
0|000021|20160628|265958283.66
0|002326|20160622|263117244
0|000670|20160407|259927499.08
0|000592|20160728|259525210.1
0|002168|20160721|250259100
0|002074|20160516|248186925.48
0|002019|20160121|247977749.24
0|002019|20160204|246553806.32
0|000983|20160108|258641155.8
0|300436|20160722|243451220.81
0|002407|20160324|243331056.68
0|002448|20160324|242096558.18
0|000060|20160704|267274256.29
0|300221|20160720|235304623.48
1|601118|20160704|233674159.03
1|600737|20160217|233420655.47
0|300368|20160617|231414198.1
0|002733|20160617|229644667.85
0|000799|20160603|253761795.19
0|002416|20160411|217566793.95
0|300329|20160218|216335895.45
0|000558|20160328|417330602.59
1|600958|20160222|212232474.98
0|000426|20160706|211254609.89
0|300324|20160406|227227159.54
0|002378|20160421|209662603.25
0|002055|20160701|208819248
0|300153|20160706|208661532.14
0|300113|20160112|208479063.08
0|002155|20160108|207774815.43
1|600176|20160708|207653047.77
0|300014|20160601|205810000
0|002488|20160407|217352834.11
1|601111|20160712|219262676.11
0|002575|20160106|203504996.18
1|600988|20160408|224475016.27
0|002468|20160112|202363992
0|300348|20160630|197248410
0|002049|20160530|204845277.52
0|002444|20160523|196431399
0|002095|20160204|195685928
0|002751|20160122|194989716.03
0|000519|20160105|238840488.6
1|600029|20160712|254449971.4
0|002504|20160714|194141100
0|300077|20160104|192175105.82
0|300496|20160219|190834741.49
0|002114|20160413|188664859.85
0|300329|20160112|188439526.49
0|002235|20160112|188946564.5
0|002235|20160112|188946564.5
0|300410|20160705|200711966.38
0|300340|20160513|185602361.72
0|002103|20160307|178591870
0|002737|20160712|175666924.66
0|000938|20160721|202203134.57
0|300498|20160229|233989389.23
0|002590|20160523|172696589.97
1|600073|20160325|212624411.16
0|002407|20160613|172133092.68
0|300088|20160520|184349916
0|300248|20160219|203480294.81
0|002643|20160519|218343232.22
0|002582|20160301|227825694.7
0|002582|20160301|227825694.7
0|000615|20160217|168039135
0|300054|20160316|245972704.65
1|600005|20160411|219224812.28
1|600639|20160623|166496622
0|000670|20160405|175952046.87
0|002224|20160627|164033210
0|002106|20160429|162161048.39
0|000519|20160711|161764665.52
0|002716|20160412|158773428.14
0|000911|20160614|158615096.49
0|002120|20160729|180680471.18
0|000795|20160519|157734873.95
1|600547|20160624|262592544.94
0|002177|20160517|161707291.71
0|002634|20160406|155425140.86
0|300459|20160322|154966989.28
0|300459|20160322|154966989.28
0|300247|20160720|154923567.09
0|000019|20160419|154879763.6
0|000895|20160310|159799220.27
1|600360|20160602|151641569.73
0|002178|20160623|174962979.71
0|000506|20160707|150976616.64
1|600707|20160504|149250568.05
0|300493|20160111|149142634.59
0|002402|20160719|148044752.4
0|002341|20160616|214000447.03
0|000531|20160613|222954294.38
0|000878|20160204|147550975.86
0|002168|20160719|206471458.15
0|300496|20160114|145161758.62
0|300160|20160406|150362375
0|002664|20160523|142440731.3
0|300432|20160628|141393529
0|002292|20160713|141134972.31
0|002600|20160421|141050000
0|300033|20160323|140955087.92
0|002182|20160422|140220804
0|002039|20160512|146933626.39
0|002219|20160720|138503277.83
0|000078|20160411|157979826
0|002157|20160511|147452873.75
0|002423|20160108|136234000
0|000626|20160303|135810777
0|000851|20160125|134754662.63
0|300242|20160422|162196783
0|000959|20160114|158529874.98
0|300364|20160114|144806979.31
1|603799|20160510|132029417.76
1|603968|20160729|167084761.07
0|002709|20160414|131377825.06
0|000021|20160727|226304151.13
0|002787|20160421|130284000
0|300098|20160622|140265868.04
1|600807|20160718|141531637.8
0|002355|20160331|128982217.47
0|000860|20160503|135780852.45
0|002484|20160617|145512215.59
0|000667|20160714|127504342.04
0|002341|20160504|210290280.68
0|002075|20160217|127304143.68
1|600460|20160520|125321813.87
0|000729|20160511|178225975.24
0|002575|20160112|125139133.92
0|002224|20160513|145740841
0|000838|20160106|124677078.6
0|002522|20160720|124565941.2
0|300476|20160504|123963532.58
1|600990|20160329|265298264.22
0|002590|20160415|149577481.43
1|603377|20160224|121710130.13
0|002043|20160628|121376821.45
0|002137|20160426|146001459
1|601001|20160113|121030000
1|600588|20160314|120476044.2
1|603002|20160628|119519421.45
0|002617|20160113|119051664.02
0|300141|20160411|118988266.69
0|300496|20160108|118837318
0|300496|20160108|118837318
0|300493|20160623|118477690
0|000048|20160122|118272094.4
0|002740|20160331|118272000
0|002740|20160331|118272000
0|002396|20160413|140830269.98
0|000567|20160111|139801767.86
1|601011|20160722|116467913
1|600490|20160322|115318995.61
1|600549|20160222|146029161.39
0|000932|20160111|113154168.55
0|300135|20160427|113006014.86
0|000821|20160629|112775000
0|002631|20160601|119466899.89
0|002544|20160419|111075583.31
1|600397|20160108|110668083
0|002780|20160111|109918213.7
0|002780|20160111|109918213.7
0|002768|20160330|109170071.01
0|000016|20160224|108298167.51
0|000807|20160226|164601378.24
0|000795|20160122|107977104.6
1|600006|20160622|107450660.6
0|000881|20160118|131063226.47
1|600755|20160406|107014702.6
0|300481|20160503|119310016.99
0|300236|20160530|129472455.8
0|000062|20160617|106856540.83
0|002787|20160602|105484964.12
0|000918|20160517|105422064.51
0|002208|20160517|104720597.56
0|300481|20160421|104656844.76
0|300097|20160510|121209849.57
0|000915|20160711|147425988.78
0|000969|20160519|102770141.74
1|600569|20160106|102617057.91
0|300104|20160630|102515804.28
0|002219|20160624|101787427.07
0|002326|20160520|101630871.61
0|000554|20160127|101610226.52
0|000886|20160621|126803020
1|600220|20160616|100760000
0|000066|20160629|113129996
1|601899|20160711|100587219.3
0|300505|20160530|100578443.95
0|300505|20160530|100578443.95
0|002716|20160304|99865978.76
0|000779|20160104|99838958.14
0|002079|20160622|99420640.32
0|002280|20160329|99050511.54
0|300023|20160322|98919037.64
1|600459|20160707|125587683.79
0|002240|20160316|98736148.75
0|002716|20160616|98266478.14
0|002092|20160325|142193188.48
0|002155|20160421|108487033.1
1|600466|20160301|97687375.35
0|300073|20160429|97619526.09
0|000732|20160304|109231977.57
0|002273|20160601|121869868.35
0|000712|20160222|105266508.88
0|300340|20160518|96012464.59
1|601899|20160616|95650101.28
1|600547|20160112|151627080.93
0|002181|20160322|95126978.78
1|600428|20160308|103776450.26
0|000779|20160505|94385424.2
0|300183|20160608|139692035.18
0|300477|20160603|93780240.56
1|600399|20160705|93524203.04
0|002782|20160129|92685189.68
1|600848|20160725|107340141.29
0|002148|20160627|92026190
0|000039|20160304|91736164.2
0|300352|20160321|113037321.13
0|002688|20160415|125696693.58
0|300141|20160413|90786983.25
0|002369|20160623|90584297.87
1|600110|20160614|89091218.25
1|601699|20160112|103103595.57
0|300316|20160620|112712289.97
0|002716|20160303|88461456.38
0|002408|20160226|86773961.4
0|300215|20160108|108205467.07
0|000628|20160421|86304519.68
0|300355|20160706|86034700.13
1|603398|20160111|94086412.15
0|300100|20160512|85250465.5
0|300100|20160512|85250465.5
0|002343|20160114|106346964.02
1|600360|20160620|98456209.85
0|002625|20160415|84578976.06
0|000937|20160229|84520997.8
0|000626|20160222|107541560.78
0|000426|20160711|83824205.09
0|000055|20160607|90699848.33
0|300226|20160713|82929956.82
0|300350|20160427|82297605.43
1|603869|20160215|82167781.12
0|002785|20160303|81690000
0|002785|20160303|81690000
1|600433|20160520|81653182.58
0|300373|20160601|146542055.8
0|002103|20160226|80686570
0|000099|20160325|80609016.04
0|000603|20160701|80593033.4
1|600067|20160615|137946566.21
0|002418|20160616|80278779.16
0|000972|20160217|80244349.14
0|300177|20160708|80215802.75
1|600663|20160113|79902067.69
1|600074|20160202|79443000
0|000597|20160105|79071773.47
0|002123|20160603|126903046.56
0|002597|20160128|78905287.08
0|300505|20160415|78509206.74
1|600105|20160721|120232591.34
0|000911|20160511|96561255.34
0|300521|20160729|77461345.99
0|000959|20160126|77427647.89
0|000831|20160411|77267040
0|000876|20160511|115492508.14
0|002112|20160630|76890000
0|000018|20160623|76535027.76
0|000628|20160624|89953179
0|002075|20160222|76189574.4
0|000915|20160715|85923577.65
0|002766|20160707|74762441.88
0|002766|20160707|74762441.88
0|002468|20160105|74286938.66
0|002326|20160620|74160000
0|002567|20160511|89168813.7
0|300350|20160509|73715136.97
0|000060|20160413|145601967.6
0|000807|20160704|108027281.29
0|000418|20160104|89721593.9
0|002355|20160125|133197673.56
0|300142|20160308|71988373.95
0|002425|20160302|113575733.73
1|600880|20160218|81441006
0|300141|20160408|75332143.25
1|600236|20160512|103324770.64
1|600146|20160324|87491444.67
1|600146|20160324|87491444.67
0|300503|20160530|71093973.3
0|300503|20160530|71093973.3
0|002444|20160418|84175964.95
0|300499|20160428|69913367.9
0|300499|20160428|69913367.9
1|600075|20160728|74612421.68
0|000626|20160323|90583554.73
0|000975|20160411|77687993.45
0|300034|20160614|102272411.62
1|603999|20160112|68778997.12
0|002425|20160308|72202927.6
0|002425|20160308|72202927.6
0|000779|20160114|79560381.18
0|300122|20160718|102211924.88
0|300395|20160511|71644222.8
0|000158|20160427|73569934.01
0|300409|20160701|113281411.13
0|300100|20160104|67084433.92
0|000851|20160729|67003025.37
1|601618|20160217|66900000
0|000807|20160105|112002494.22
0|002055|20160419|93620588.78
0|300476|20160530|65826090.55
0|002626|20160121|89936953.49
1|603398|20160104|65744031.51
0|000536|20160527|65530799.11
0|002639|20160708|65406843.95
1|600531|20160127|64914199.56
0|300250|20160125|64384414.06
0|000952|20160121|80604451.05
1|603398|20160105|64107922.57
0|002114|20160329|63784794.98
0|000881|20160112|63601423.37
1|600626|20160727|63516926.38
1|600303|20160108|124715430.68
0|300474|20160523|63408362.89
1|600602|20160218|96215999.04
0|002766|20160722|149150276.05
0|000939|20160630|76023479.79
0|000596|20160328|122947093.5
0|000861|20160218|108973986.42
0|002180|20160510|145921897.28
0|002761|20160407|62346713.77
1|600094|20160426|81000000
0|002751|20160321|62076110.2
0|000833|20160512|61948491.51
0|300221|20160701|81960250.95
0|000639|20160510|61747873.97
0|300331|20160623|61648647.77
0|000779|20160112|61526618.96
0|300067|20160307|61124485.52
0|300420|20160421|61015829.69
0|000908|20160624|60764301.6
1|601238|20160708|60742902
1|600392|20160420|60710066.06
0|002631|20160602|110245968.94
0|300136|20160226|67708938.48
0|300061|20160105|102401812.85
0|002588|20160713|200340553.99
0|000531|20160608|67480991.54
0|000911|20160628|60129822.1
1|603377|20160304|59672904.81
0|002730|20160104|59524054.26
0|002555|20160218|59515912.41
0|300081|20160331|107084397.27
0|000983|20160229|104717832.61
0|000700|20160118|71577003.99
0|002548|20160510|64751309.84
0|300261|20160111|66347807.92
0|300496|20160111|57704838.88
0|002684|20160607|57636748.82
1|600303|20160317|62050000
0|000034|20160720|57328698.03
0|000831|20160222|76808028.72
0|002427|20160425|57223835.92
0|000911|20160613|79470932.23
0|002797|20160629|56968591
0|300512|20160620|56910025.08
0|000890|20160108|56664583.78
0|300503|20160603|67620288.96
0|300004|20160512|56628444.12
0|300491|20160407|71664495.61
0|300491|20160407|71664495.61
0|300140|20160621|56522017.54
0|000911|20160418|66142552.09
0|002802|20160728|56140027.24
0|000657|20160329|56134576.2
0|002108|20160523|56129868.14
0|300484|20160420|55854716.64
0|002097|20160429|68796054.49
0|002157|20160715|386903862
0|002512|20160310|104035225.18
0|002189|20160527|68575000
1|600395|20160114|96905409.91
0|002120|20160728|106424687.52
0|002120|20160728|106424687.52
0|002120|20160728|106424687.52
0|000792|20160622|55184579.25
1|600423|20160314|54927592.6
0|002617|20160118|54815509.52
0|000156|20160324|54623143.57
0|002131|20160523|77377095.34
0|300409|20160215|54291265.43
0|002355|20160107|54260791.55
0|002717|20160118|93736685.88
0|000998|20160201|122958868.33
0|002780|20160113|53676000
0|002209|20160607|53430201.71
1|600232|20160516|53163827.62
0|002112|20160620|81071566.96
0|002057|20160520|74150000
0|300092|20160705|52824039.84
0|002740|20160406|52687068.3
0|002740|20160406|52687068.3
0|300493|20160509|52442557.05
0|002530|20160201|74668926.3
0|002643|20160426|59396706.93
0|300285|20160516|104500354.39
0|000919|20160707|87946061.85
0|300386|20160525|51008330
0|002436|20160219|50892702.27
0|300515|20160725|50736805.51
0|300515|20160725|50736805.51
0|300114|20160613|50634043.84
0|002055|20160225|61452366.77
0|000625|20160712|119924866.56
0|002151|20160608|60105036.76
1|603377|20160318|59555914.03
0|002780|20160119|49864818.82
0|000023|20160421|49861986.69
0|000023|20160421|49861986.69
0|300419|20160407|78415181.91
0|002545|20160624|49515825.03
0|300263|20160414|74357826.41
0|000976|20160412|52396540.37
1|601866|20160129|49286909.23
1|600664|20160114|48976187.34
0|002779|20160106|48832878.18
0|002779|20160106|48832878.18
0|002779|20160106|48832878.18
0|300458|20160620|48816986.16
0|000728|20160712|48780047.88
0|300476|20160517|48672157.36
0|002200|20160104|50997790.44
0|000421|20160425|66696132.21
1|600155|20160127|48449518
0|000938|20160125|59761301.74
0|002761|20160411|61333050.17
0|300219|20160412|56508514.41
0|000705|20160622|48023470.55
0|300236|20160415|47963906.31
0|002787|20160606|47896129.4
0|002740|20160407|84027800
1|601908|20160122|47314937.59
0|000838|20160323|46976404.4
0|000838|20160323|46976404.4
0|300481|20160512|58736278.12
0|000703|20160229|64100659.16
0|300073|20160512|97411609.27
0|000021|20160627|46686893.11
0|000911|20160125|46579660.69
0|000655|20160229|62726249.15
0|002245|20160614|77753390.99
1|600869|20160519|46166598.96
0|300148|20160113|45814379.74
0|300198|20160620|45798495.2
1|603398|20160115|45738711
0|002114|20160219|45459596.38
0|000034|20160421|45427379.44
1|603936|20160620|45101161.95
0|002795|20160713|44979798.9
0|000722|20160307|61322602.36
0|000531|20160607|44777252
1|600734|20160121|44376412.94
0|300083|20160129|44355690.42
1|601518|20160606|44327935
0|300116|20160624|44164742
0|002780|20160125|52710856.85
0|002582|20160427|79496967.19
1|601313|20160607|54473670.3
0|000980|20160421|43172676.35
0|000980|20160421|43172676.35
0|002761|20160408|43100178.83
0|000034|20160713|83696728.28
0|300153|20160606|65161910.34
0|002453|20160302|72233809.25
0|002639|20160621|69394450.44
0|300348|20160602|42897666.73
0|002602|20160224|42793108.76
0|002537|20160525|80294486.72
0|002712|20160308|64946373.73
0|000892|20160308|42755148.83
0|300456|20160115|42683520
0|300036|20160622|56861013.53
1|600378|20160628|42598055.32
0|002341|20160407|59596557.97
0|002780|20160120|42195746.26
0|300160|20160105|42174379.49
0|002462|20160111|99953853.11
0|002108|20160512|42021144.27
0|002313|20160215|54909369.21
0|002730|20160106|41849462.54
0|300081|20160721|41748278
0|300327|20160504|49125680.86
0|002019|20160106|41647567.03
1|600860|20160721|41639997.98
0|002340|20160516|55807618.14
0|300226|20160704|41177492.9
0|300222|20160224|113660956.2
0|000909|20160408|40747069.39
0|000933|20160112|40318733.93
0|000933|20160112|40318733.93
0|002407|20160328|40190550.09
0|300008|20160308|59101615.47
0|000070|20160617|40054536
0|300067|20160304|39833500.23
0|000709|20160106|39808109.94
0|000613|20160620|39706223.33
0|300340|20160614|56137500.8
0|300261|20160128|41464480.14
0|000673|20160118|43581662.24
0|000034|20160419|65191955.01
0|002716|20160307|38948031.65
0|002716|20160307|38948031.65
0|300491|20160316|38833469.25
1|600995|20160512|47198965.3
0|002761|20160413|47359034.31
0|300285|20160215|43520041.87
0|000795|20160526|38303922.64
0|000795|20160526|38303922.64
1|603993|20160601|38250000
0|300340|20160622|38045987
0|300340|20160622|38045987
0|300401|20160127|37974457.06
0|000615|20160707|37691290.3
0|002795|20160524|37525378.04
1|600303|20160308|37414207.64
0|000426|20160705|65641938.13
1|603366|20160405|42738935.56
0|000629|20160106|37269183.05
0|002103|20160624|75654930.81
0|002617|20160112|37075201.85
0|000547|20160104|60892937.9
0|000567|20160704|66550804.27
0|000807|20160225|99531148.5
1|601718|20160223|36434814
0|002656|20160420|43889038.08
0|000813|20160726|35931087.5
0|002780|20160122|46574224.5
0|002780|20160122|46574224.5
0|300274|20160203|90278372.86
0|002180|20160715|35407486.75
0|000905|20160406|42946160.95
0|002077|20160118|35112677.85
1|600231|20160301|35057795.53
1|600711|20160616|35012906.49
0|000910|20160121|44675520.39
1|600576|20160215|45797060.55
0|002336|20160126|34952554.02
0|300493|20160510|34948359.88
0|000969|20160419|56707405.88
0|000957|20160707|77808641.6
0|000957|20160707|77808641.6
0|300113|20160310|145213238.58
1|603300|20160108|34242000.31
0|300491|20160614|34011684.13
0|000020|20160224|33933059.15
1|603299|20160224|33857288.05
1|603299|20160224|33857288.05
0|000534|20160329|43360828.33
0|300078|20160308|49055281.91
0|300506|20160713|33594846.81
0|002597|20160229|51259953.81
1|603398|20160119|33548826.38
0|300302|20160106|64203408.08
0|002716|20160308|33411452.08
0|300508|20160531|33407060.71
0|300468|20160602|33359968.51
0|300468|20160602|33359968.51
0|002371|20160616|81910050.19
0|000629|20160301|33248744.03
1|600812|20160321|47066904.43
1|600533|20160229|32910950.41
0|300219|20160527|49985173.5
0|300499|20160425|32761390.54
1|600639|20160509|32748691.32
0|002788|20160411|32639013.55
0|002788|20160411|32639013.55
0|000851|20160331|46794431.62
1|600801|20160226|32592146.13
0|000628|20160108|32444411.6
0|300097|20160614|32437520.39
0|300481|20160429|79365434.52
0|300481|20160429|79365434.52
1|600006|20160613|54368743.22
0|002502|20160114|32155211
0|300215|20160129|31885179.25
0|300068|20160614|31706161.56
0|000960|20160413|31643718.89
0|300188|20160114|31621908
0|000561|20160108|56166892.42
0|300458|20160118|56151568.94
0|300456|20160118|31324182
0|002795|20160523|31270438.91
0|300491|20160301|31236478.68
0|000403|20160128|36572789.16
0|002800|20160704|30908805.92
0|000761|20160113|30881637.63
0|002334|20160407|30723385.14
0|002676|20160530|30521557.98
1|600777|20160711|52630979
1|600777|20160711|52630979
0|002189|20160125|39498828.67
0|300033|20160111|30237518.6
1|600546|20160107|30117530.59
0|300160|20160217|30112847.22
0|000703|20160413|72031974.98
0|300007|20160112|38112440.49
1|603377|20160301|40590385.72
0|300490|20160128|29797825.98
0|300490|20160128|29797825.98
0|002628|20160111|29785122.5
1|603028|20160428|29773427.76
0|002780|20160118|29771585.51
0|000606|20160204|29683884
0|002380|20160215|29670303.11
0|002326|20160519|29630278.6
0|300340|20160624|29491050.09
1|600157|20160418|29347500
0|002097|20160325|36036205.25
0|002777|20160329|29023539.92
0|300313|20160414|29014363.64
0|300078|20160106|98299784.62
0|002788|20160408|28853239.57
0|002788|20160408|28853239.57
0|300481|20160530|28827384.25
0|000727|20160711|28720000
0|300176|20160407|28551449
0|300047|20160105|82040371.18
0|002596|20160518|28421037.29
0|000913|20160415|28378862.09
0|300481|20160420|28376331
0|002114|20160704|28284440.08
0|300307|20160517|28229721.38
0|300310|20160129|51304076.14
0|300365|20160325|45334386.3
0|002547|20160406|38360000
0|002793|20160531|27900567.79
0|300516|20160705|27732278.36
0|000795|20160601|27552051.84
0|002229|20160222|100492477.65
0|002200|20160105|31044723.82
0|002371|20160530|45359993.01
1|600630|20160113|27084381
1|600467|20160706|26919007
0|002341|20160215|33807978.52
0|300113|20160413|26748747
0|000502|20160105|26620031
0|002229|20160311|26544448
1|600319|20160219|26486124.97
1|601069|20160308|62799899.14
0|002427|20160426|26250327.28
0|300114|20160104|42904553.75
0|002574|20160127|26061583.32
0|300085|20160323|81331255
1|601113|20160321|25955537.09
0|300230|20160111|52678657.07
0|002452|20160108|25519273
1|601069|20160728|24984628
0|000820|20160316|24980000
0|002524|20160316|24923186.77
1|600770|20160504|24888860.62
1|600119|20160722|24888545.2
0|002622|20160113|24780000
0|002298|20160419|24773957.34
0|300508|20160617|24719473.35
0|000009|20160405|46655174.94
0|002798|20160629|24508748.05
0|000707|20160229|28152733.43
0|300499|20160419|24504400.17
1|603798|20160606|24356928.62
0|300506|20160708|24243183.96
0|002676|20160105|24092330.75
1|600882|20160512|23934537.11
0|000779|20160603|23848306.27
0|300014|20160606|23841075.81
0|002795|20160621|23680996.5
0|002089|20160719|23620554.6
1|603398|20160204|23537017.56
0|000933|20160201|38661389.54
0|300496|20160112|23356359
0|300496|20160112|23356359
0|300345|20160719|54143149.85
0|300379|20160411|23281248.35
1|603701|20160624|23196058.8
0|300494|20160202|23126215
0|002438|20160112|24598148.54
0|300340|20160613|22738974
0|002260|20160328|51547889.03
1|600386|20160317|22570491.54
0|000908|20160621|22518528.1
0|300465|20160630|22439451.62
0|000796|20160624|22377476.67
1|600589|20160627|22246479.45
1|600455|20160224|22245852.75
0|002655|20160606|67480000
0|002795|20160629|22146236.4
0|002795|20160629|22146236.4
0|000881|20160429|22028098.05
0|300244|20160411|21980578.57
0|002642|20160411|21954578.11
1|600449|20160125|21942088.55
0|300058|20160301|38221302.91
0|002110|20160713|21751029.29
1|603936|20160120|21694907
0|002615|20160115|39262399.96
0|002802|20160722|27710138
0|002802|20160722|27710138
0|002020|20160120|84772882.72
0|000793|20160405|49370902.58
1|600898|20160125|21332417
0|002779|20160104|21246405.39
0|002779|20160104|21246405.39
0|300484|20160628|21065060.55
0|000820|20160621|21049168.73
0|300160|20160523|21048982.24
0|002504|20160222|21025688.16
0|000973|20160602|21025526.56
0|002609|20160315|28110143.42
0|002370|20160418|23397284.03
1|603828|20160411|20886354.43
0|300078|20160112|72274769.2
0|002776|20160401|20770748.5
0|300381|20160425|23511689.55
0|002777|20160205|20743438.01
0|300503|20160708|20580205.92
0|002114|20160322|20494711.5
0|002114|20160322|20494711.5
0|000567|20160407|35362304.63
0|002582|20160229|20354300
0|300128|20160510|20294289.92
0|000533|20160405|20267385.28
1|600335|20160331|20200474.77
0|300499|20160418|20131663.62
0|300499|20160418|20131663.62
1|603806|20160621|29199037.73
0|000048|20160121|20041779.49
0|000048|20160121|20041779.49
0|000011|20160302|19994742.2
0|002189|20160127|19992090.52
0|002189|20160127|19992090.52
0|002797|20160615|19991859.36
0|000799|20160503|19971510.93
0|002280|20160323|19858243
0|300510|20160712|19832407.76
0|300340|20160511|30785643.35
0|300511|20160526|19802872.85
0|002615|20160108|19800201.73
0|002782|20160317|19705412
0|300480|20160323|19645047.97
0|300139|20160226|19594626.59
0|002208|20160519|19532080.85
0|002654|20160506|19536493.39
0|300433|20160425|19405889.15
0|300329|20160309|19387851.1
0|002533|20160606|19375173.38
0|000045|20160310|19328292.08
1|600734|20160118|19230259.75
1|600734|20160118|19230259.75
0|000526|20160328|19199993.58
1|600815|20160411|19197633.02
0|000693|20160205|19165184.34
1|600378|20160708|19103355.25
0|002164|20160630|19014300.51
0|002234|20160510|36445500.46
0|002519|20160506|36761764.32
1|601313|20160608|49525811.61
0|002355|20160120|31578147.35
1|601388|20160720|18670357
0|002149|20160524|18631324.76
0|300484|20160607|18630785.81
0|000043|20160624|18626135.24
1|600462|20160202|18610453.59
0|000890|20160112|40890770.17
1|601020|20160420|18519383.99
0|300376|20160217|18510761.33
0|300346|20160707|18503821.4
0|300340|20160607|18490223
0|300083|20160608|18401539.72
0|000626|20160226|18401416
0|000626|20160226|18401416
1|603299|20160401|18289678.78
0|002709|20160520|18207138.84
0|002709|20160520|18207138.84
0|300215|20160201|22318187
1|603703|20160524|18125061.85
0|000850|20160617|18090000
0|000426|20160607|19790817.91
0|002615|20160113|24226876.91
0|300456|20160622|36576288.29
0|300312|20160311|17731780.63
0|300513|20160701|17702765.3
0|000890|20160513|17661243.08
0|002371|20160620|64749368.4
0|000727|20160204|17623808.85
0|300354|20160708|17584057.58
0|000573|20160112|24855242.29
0|002766|20160708|17369857.98
0|002313|20160122|17354445.36
0|300501|20160714|17232101.25
0|300501|20160714|17232101.25
1|603398|20160108|17199062.93
1|601155|20160701|17141943.93
1|600808|20160108|17140710.99
1|603028|20160503|17104936.18
0|002757|20160707|17031980.46
0|002622|20160713|16953000.99
0|300467|20160120|16912089.5
0|000833|20160420|16893484.58
0|000833|20160420|16893484.58
0|300077|20160113|16836143.4
0|000693|20160215|16796229
0|000693|20160215|16796229
0|300351|20160511|20622270.09
0|000049|20160407|25610284.3
0|002654|20160301|16534890.33
0|002654|20160301|16534890.33
0|000589|20160426|32526456.02
0|300418|20160307|55431190.83
0|002795|20160627|16485882.5
0|002795|20160712|16395177.98
0|000756|20160328|16375312.29
0|300400|20160707|16346560.04
0|300442|20160707|16261265.75
0|002777|20160202|16199586.95
0|300516|20160701|16129453.43
0|002077|20160329|16120476.62
0|000593|20160422|25489605
0|002734|20160108|15990868
0|300329|20160310|16249406.26
0|300329|20160203|20532186.4
0|002779|20160129|15782229
0|300348|20160624|15774130.7
0|300301|20160105|15667070.21
0|300513|20160706|15663790.67
0|300440|20160324|15640624.12
1|600179|20160215|17509527.28
1|600179|20160215|17509527.28
0|300407|20160614|15512465.72
0|300033|20160106|15478745
0|300476|20160511|15476268.25
1|600787|20160224|15461683.11
0|002629|20160429|15381979
0|002793|20160527|15333944.19
0|002793|20160526|15331746.26
0|002793|20160526|15331746.26
1|603936|20160104|15303334.57
1|603936|20160104|15303334.57
0|002388|20160304|15263053.8
1|601777|20160615|15232827
0|002768|20160422|15020702
0|300191|20160201|15014342.8
0|002801|20160719|14969221.65
0|002801|20160719|14969221.65
0|002777|20160330|14938625
0|002618|20160726|22822545
0|002045|20160607|175230000
1|600666|20160719|14837798
0|002618|20160617|14812703.1
1|603528|20160630|14754422
1|603598|20160421|14734920.05
1|603398|20160608|14730899.32
0|300380|20160226|14729260
0|002431|20160217|14636127
0|300481|20160616|21224687.11
0|000925|20160607|14455242.96
0|300484|20160706|14375133
0|000921|20160725|19359321.94
1|600682|20160202|54044697.37
0|002775|20160714|14245553
0|002176|20160115|14184825
0|000662|20160303|14138342.12
0|300455|20160719|14136494.32
0|300459|20160325|14110896.2
0|300410|20160603|14039735.5
0|002801|20160721|13987296.63
0|002801|20160721|13987296.63
1|603701|20160628|13963642
1|600546|20160114|29344838.66
0|300510|20160530|13845381
0|002174|20160406|35640363.4
0|001696|20160325|13775937.5
0|002574|20160201|25405472.24
0|002076|20160726|48630479.09
1|600136|20160512|22569781.04
1|600136|20160512|22569781.04
0|000998|20160426|81881836.92
0|300501|20160712|13551049.1
0|002748|20160711|13395121.68
1|603866|20160204|13367971.04
0|300456|20160526|13339905
0|000812|20160331|13275364
1|603861|20160704|13264565.5
0|002782|20160125|13223784.33
0|000702|20160425|13219031
0|002281|20160331|34435287.13
0|002781|20160125|13197485.26
0|000058|20160225|13040000
0|002114|20160401|13029224.01
0|300494|20160314|12990327.09
0|000561|20160105|12976288.62
0|300404|20160418|12947585.5
0|300196|20160707|19268679.75
0|002507|20160615|39893666.36
1|603798|20160602|12896478
1|600097|20160202|12855532.25
0|300032|20160222|12817445.14
0|300083|20160530|12767908.48
0|300368|20160523|12642724
1|601965|20160318|12590636.63
0|300116|20160607|12584196
0|300507|20160517|12551181.38
1|600584|20160511|28888312
0|300466|20160111|12417245.88
0|300466|20160111|12417245.88
0|300498|20160108|41063524.18
0|300491|20160406|23582330
0|000909|20160624|12215806.05
0|300008|20160202|68813488.05
0|300023|20160407|12107200
0|002380|20160425|12069006.23
0|002554|20160517|12035573.38
0|002800|20160714|12012910.38
0|300236|20160309|12000587.28
0|000897|20160111|11972340
0|000897|20160111|11972340
0|300481|20160516|23521301.84
0|300481|20160516|23521301.84
1|603029|20160714|11933684
0|002504|20160622|11885000
0|002782|20160119|11869272.68
0|002249|20160728|11853462
0|000019|20160727|11852339
0|300501|20160701|11816061
0|000973|20160603|11786279.8
0|002114|20160330|11702922.15
0|300459|20160304|11665036
1|600565|20160108|11626902
1|600432|20160223|11551829
0|002639|20160627|29430465.8
0|300307|20160603|11516376.42
0|000504|20160129|11406000
0|002741|20160301|11345979
0|002741|20160301|11345979
0|300148|20160204|11300605.08
0|002355|20160426|18931894.14
0|300509|20160629|11270856
0|000716|20160113|22792542.44
0|300089|20160706|18366532.52
0|000851|20160216|11226592.32
1|601600|20160202|11211190.32
0|300141|20160426|11195934.01
0|300420|20160712|11186049.02
0|000029|20160128|16240467.08
0|000925|20160517|54242460
0|002778|20160318|11116125
0|300491|20160408|11111677
0|300491|20160408|11111677
1|600136|20160129|61243787.1
0|002395|20160526|11047552
0|000950|20160316|10964242.85
0|002793|20160629|10889936
0|300503|20160629|10793115.08
0|300503|20160629|10793115.08
0|300376|20160322|10789248.71
0|300285|20160301|48956325.44
1|603029|20160705|10700819.18
0|300503|20160527|10681283.24
0|300437|20160426|10575084.8
0|300413|20160311|10539561.75
0|300505|20160629|10462080
0|002795|20160715|10411449
0|300494|20160412|21665072.26
0|300493|20160120|10397846.25
0|000498|20160504|10393681
0|000032|20160126|10377635.5
0|000760|20160105|39035928.43
0|000601|20160203|10330457
0|002793|20160715|10321654.5
0|300404|20160420|10320764
0|002751|20160115|10313094
0|300264|20160114|10270308.06
0|300508|20160519|10235336.8
0|000932|20160125|72861853.97
0|300515|20160712|9993650.03
0|300515|20160712|9993650.03
0|300515|20160714|9986088.84
1|600231|20160118|9825080.84
1|600231|20160118|9825080.84
0|300481|20160617|9806183
0|000153|20160422|9758000
1|600520|20160316|9712843
1|600639|20160530|67503142.94
0|300491|20160613|9701619
0|300222|20160108|9695494.78
1|603123|20160315|9660000
0|300510|20160629|9652905
1|600336|20160307|15621547.8
0|002782|20160419|9622472.32
1|600785|20160414|9596339
0|000018|20160307|9546678.77
0|300092|20160615|9517337.11
0|000761|20160203|9485059.94
0|000795|20160105|9462515
0|300098|20160112|43807026.99
0|002786|20160511|9428928.3
0|300040|20160426|34357658.87
0|300311|20160420|15748562
0|002786|20160627|9377625
0|000019|20160205|9374397
0|300491|20160318|9369204
0|300334|20160111|13789287.85
0|002777|20160201|9327517
0|300486|20160525|9279027.5
0|300386|20160418|9273095.64
0|000981|20160523|9138847.8
1|603737|20160701|9061070.99
0|300097|20160429|33647681.38
0|002751|20160113|9009389.6
0|002123|20160630|62370000
1|601900|20160314|8886871.96
1|601015|20160608|8863358.99
0|002800|20160713|8839979
0|002434|20160510|18000416
0|002796|20160714|8701128.6
0|000678|20160203|16316834.87
0|002009|20160108|29677191.19
0|300386|20160621|8593787.9
0|300410|20160722|12238596.7
0|002077|20160615|13433313.13
1|600084|20160722|8519218
1|603377|20160302|8472987
0|002782|20160520|8407834
0|002782|20160520|8407834
0|002119|20160129|8386305.96
0|300493|20160113|8364952
1|600677|20160115|8228171.67
0|300261|20160127|8178973
0|002782|20160511|8143859.8
0|300404|20160421|8117254
0|002150|20160120|8030604.5
1|600639|20160729|8017258.15
1|601100|20160114|7980373.75
0|002696|20160713|7925608.68
0|300444|20160620|46592080.38
0|300474|20160504|7912883
1|600354|20160614|7910641.31
0|300365|20160614|15146528.58
0|300509|20160715|7777525
0|002777|20160412|7774552
0|300439|20160504|7765078.4
1|601678|20160615|7724568.87
0|300462|20160104|7710222
0|300096|20160517|7648146.26
0|300076|20160711|10208000
0|002459|20160725|7474685.5
0|002799|20160715|7446840.66
0|002076|20160510|12351460.04
0|002528|20160519|7235137.47
1|600476|20160126|18399622.15
0|002346|20160205|7197393.39
0|300501|20160720|7195083
0|300465|20160104|43374749.22
0|300383|20160114|7090424
0|000707|20160201|7081642.45
0|300492|20160204|7067982.22
1|600546|20160106|6993485
0|300058|20160118|21208547.24
1|601918|20160226|6918332
0|002741|20160309|6798379
0|000863|20160201|14962302.14
0|002615|20160314|21204000
0|002114|20160307|6724851
0|002387|20160401|6604270.88
0|000958|20160503|18824466.5
0|002723|20160614|6543062
0|002601|20160310|14336555.92
0|300500|20160302|6515241.35
0|000533|20160630|6501567
0|300459|20160229|6480863.99
0|300459|20160229|6480863.99
0|300459|20160229|6480863.99
0|002053|20160315|26296438
0|300400|20160315|6307978.5
1|600491|20160204|9111499.52
0|300241|20160108|6231534
1|603701|20160620|6228449
0|000785|20160129|6135097
0|002730|20160108|23114825.21
0|002127|20160108|57377577.07
1|600202|20160215|6098957.63
0|000710|20160429|6054538
0|002183|20160307|24027109.08
0|300503|20160615|5969133.29
0|300040|20160512|5925457
0|300465|20160311|10181690.98
0|000702|20160516|5855942
0|300494|20160125|5854922.69
0|002567|20160226|5840480
0|002615|20160308|5757736
0|002533|20160608|48922342.27
0|002632|20160308|5680492
1|603868|20160505|5633382
0|002634|20160118|10436101.63
1|603029|20160602|5539012.74
0|300507|20160628|5515274
1|603866|20160324|5408207
1|600371|20160205|5320507.39
1|600421|20160111|5319477
0|300497|20160125|5316307
0|300522|20160722|5311872
1|603029|20160523|5297126.5
0|002550|20160427|8835572.79
0|002793|20160614|5264113.67
1|600297|20160614|5243303
0|000609|20160607|5131731
0|300510|20160701|5122214.62
0|002782|20160412|5081597.66
0|002782|20160412|5081597.66
0|000663|20160406|5073483.4
1|600367|20160513|5064993.13
0|300501|20160426|5022805.22
1|601020|20160421|4981151.26
0|002798|20160630|4974342
0|002798|20160630|4974342
0|002786|20160406|4961067
0|300495|20160129|8918259.34
0|002743|20160215|9899649.37
0|002799|20160708|4916916
0|002798|20160624|4908832
0|000797|20160127|4905688.63
0|002796|20160627|4900176
0|300499|20160429|4891933
0|002006|20160422|19915195
0|000797|20160205|10678151.35
1|600146|20160122|4812636
0|300490|20160205|4800405
0|300491|20160205|4799284.27
0|002092|20160301|63152486.05
0|002180|20160512|29292399.23
0|000608|20160718|4674388.35
0|300469|20160309|4632818.2
0|000576|20160113|4609631
0|002537|20160224|25961790.37
1|603696|20160107|4575567.8
1|601058|20160509|4527182.26
0|002779|20160202|4452726.08
0|000505|20160414|4429253
0|002778|20160317|4407985
0|300263|20160419|27068591.69
0|300189|20160512|7929900
0|002789|20160510|4351707
0|300425|20160428|10050339.05
0|002114|20160304|16923056.8
0|000733|20160112|17187771.56
1|600331|20160204|4334123.63
0|300058|20160321|80545620.89
0|300479|20160204|7817381.5
0|000980|20160614|15062419
0|300311|20160425|11621631.88
0|000050|20160331|17648218.76
0|000795|20160527|23482699
0|300148|20160108|35406333.16
0|002571|20160314|4005947.36
0|002667|20160121|56458438.96
0|002269|20160202|6130842.66
0|002787|20160204|3885296.32
0|300365|20160202|3823879
0|300365|20160202|3823879
0|002782|20160316|3797108.64
0|300209|20160308|3782019.34
0|300420|20160715|10202240.5
1|601137|20160301|3738141
0|002258|20160408|3721725.2
0|002018|20160418|8489671
0|300346|20160624|59713871.07
0|300500|20160311|3654009
0|002582|20160510|23566575.99
0|000586|20160622|3599123.5
0|002729|20160118|6916689.11
0|300042|20160316|3552733.94
1|603909|20160729|3545946.86
0|300392|20160422|3504372
0|002716|20160704|65167146.48
0|300249|20160113|3498306
0|002788|20160225|3452946
0|300160|20160301|3417138.94
0|002371|20160519|6699354.5
0|300503|20160608|20382710.89
0|300503|20160608|20382710.89
0|300505|20160601|3360949
0|000505|20160201|5076680.26
0|000785|20160201|3312966
0|002719|20160331|12504518.48
0|002719|20160331|12504518.48
0|300209|20160108|3220276
0|300359|20160520|42357147.57
0|002452|20160121|28187798.73
0|002779|20160112|6394299
0|300521|20160722|3054324
0|300213|20160112|36643628.65
0|300501|20160225|2936682
0|002256|20160315|2881855
0|000798|20160322|2847680
0|000709|20160108|146111050.26
1|603021|20160408|2765864.55
0|000985|20160229|2753966
1|600883|20160316|2681326.2
1|603520|20160329|2646844.39
1|600232|20160314|4127845.18
0|300491|20160401|13914664.2
0|002034|20160105|18204038.74
0|002795|20160517|2451894
0|002313|20160201|7079205.45
0|000534|20160518|12363550
1|600122|20160615|2323600
0|002695|20160509|2316511.56
0|002523|20160513|2229453.72
0|000676|20160105|2182140
0|000803|20160125|2180628
0|000710|20160215|3804722
1|600153|20160614|2164062
0|300465|20160704|16345783
0|300045|20160516|2118465
0|002612|20160622|13715000
1|603026|20160315|2088950
0|000681|20160126|30408156
1|600122|20160614|1927120
1|600060|20160617|44670357.98
0|002473|20160620|1866422
0|300028|20160401|1632884
0|000851|20160725|125501026.79
0|000990|20160526|8208771.38
0|000953|20160408|1486100
1|600873|20160526|1353835
1|600656|20160428|1334601.89
0|000732|20160229|28268377.93
0|300516|20160613|1260792.39
0|002473|20160215|1181346
0|300511|20160512|1458600
0|002522|20160412|61091648.12
0|002501|20160112|17164225.24
0|002805|20160722|1029888
0|000666|20160127|14141797.68
1|601199|20160721|16849778.24
0|002320|20160108|857692
0|002027|20160304|8071545
1|601069|20160307|32919045.84
0|002521|20160512|3463812.24
1|600978|20160125|797720
0|002624|20160127|43114865.8
0|002624|20160127|43114865.8
0|300336|20160401|711018
0|002013|20160704|21692552.56
0|000953|20160712|639616
0|000605|20160118|606874
0|002787|20160425|2270705
1|600978|20160122|526419
0|300437|20160422|513408
0|300261|20160126|18989208.73
0|000430|20160114|495600
1|603009|20160624|11889808.76
0|300223|20160601|23962029.42
0|002075|20160125|364216
0|300011|20160122|337932
0|300088|20160301|332004
1|600658|20160125|4593336
0|300511|20160510|315505
0|300512|20160530|304154.07
0|300238|20160329|265200
0|002049|20160311|227388
0|000066|20160310|207473
0|000748|20160310|188340
0|300506|20160324|173040
0|000710|20160301|4259337
0|002049|20160314|2343913
0|002796|20160510|123090
0|002803|20160712|85281
0|000599|20160120|12025198.89
0|300368|20160106|16683694.6
0|300525|20160729|42541
0|300503|20160310|31798
1|603069|20160714|0
0|300503|20160309|0
0|300515|20160608|0
1|603028|20160407|0
0|300510|20160510|0
0|300520|20160708|0
0|000972|20160120|0
0|002803|20160727|0
1|603131|20160607|0
0|002790|20160309|0
0|002791|20160329|0
1|603016|20160701|0
1|603909|20160701|0
0|300518|20160624|0
0|002805|20160725|0
1|603069|20160715|0
0|002792|20160329|0
1|603029|20160503|0
0|300508|20160419|0
1|603339|20160530|0
0|002803|20160728|0
0|300517|20160726|0
1|603069|20160726|0
0|300520|20160722|0
0|002805|20160729|0
1|603959|20160519|0
1|603868|20160422|0
1|603909|20160711|0
1|603131|20160621|0
1|603868|20160419|0
0|300508|20160425|0
1|603028|20160414|0
0|300474|20160331|0
1|603737|20160613|0
1|603029|20160510|0
1|603016|20160705|0
0|002790|20160308|0
1|603958|20160705|0
1|603798|20160412|0
0|300510|20160518|0
0|300506|20160329|0
0|002795|20160506|0
1|603028|20160415|0
0|300520|20160729|0
0|002803|20160722|0
0|300505|20160325|0
1|603101|20160511|0
0|002795|20160510|0
0|300511|20160506|0
1|601966|20160708|0
1|601611|20160613|0
0|002805|20160728|0
0|300505|20160328|0
1|600771|20160310|19999980
1|603861|20160329|0
1|601020|20160324|0
1|601611|20160617|0
1|601966|20160713|0
0|300492|20160111|0
1|603779|20160527|0
1|603861|20160322|0
1|603028|20160408|0
0|002795|20160509|0
0|000971|20160104|0
0|300503|20160325|0
0|300520|20160725|0
0|002790|20160316|0
1|603101|20160509|0
0|300506|20160401|0
0|002624|20160121|0
1|603028|20160420|0
1|900911|20160621|0
1|603029|20160511|0
0|300461|20160310|843972
1|600490|20160303|0
1|603377|20160205|0
0|300474|20160420|0
0|300518|20160718|0
1|600890|20160412|0
0|300508|20160509|0
0|300518|20160719|0
0|002792|20160408|0
0|300516|20160621|0
0|300474|20160425|0
0|300497|20160111|0
1|603528|20160518|0
0|300518|20160711|0
0|002786|20160111|0
0|002780|20160104|0
0|002785|20160115|0
0|300474|20160427|0
0|002797|20160511|0
0|002780|20160107|0
0|002785|20160113|0
1|603528|20160517|0
1|603528|20160525|0
0|300372|20160722|0
0|300474|20160422|0
1|600777|20160415|73820326.53
0|300474|20160419|0
1|603959|20160530|0
0|002797|20160513|0
1|603101|20160516|0
0|002782|20160111|0
0|300372|20160725|0
1|603798|20160415|0
0|002768|20160106|21507574
0|002788|20160229|0
1|603737|20160621|0
1|601127|20160701|0
1|601020|20160328|0
0|002213|20160513|0
0|300491|20160412|21696253.9
0|300474|20160415|0
0|300474|20160422|0
1|603131|20160630|0
1|900922|20160125|0
0|300089|20160301|0
1|600452|20160311|0
0|300329|20160108|10133587
0|300492|20160113|0
0|000929|20160422|0
0|000929|20160422|0
0|000678|20160114|26617800.57
0|002213|20160512|0
0|300459|20160412|4562272
1|600168|20160407|0
1|600497|20160711|0
0|300365|20160201|11252000
1|601880|20160328|0
0|000833|20160614|4949511.7
0|300106|20160205|0
0|000585|20160511|0
0|000882|20160411|8256666.5
0|002612|20160621|0
0|002634|20160105|2305254
1|603869|20160523|4733975.04
1|601969|20160308|0
0|000591|20160328|0
0|300461|20160126|0
0|002717|20160512|13125113.75
1|600782|20160413|90666454.19
0|000665|20160429|0
0|000810|20160129|15974291.78
0|300127|20160518|12704667.22
0|002515|20160727|0
1|603399|20160503|6435407.4
0|000679|20160602|0
0|002537|20160408|10832489
1|600208|20160129|0
0|300365|20160129|0
0|002288|20160127|0
1|600262|20160229|0
0|002667|20160607|0
0|002190|20160713|0
0|000018|20160129|4833019.15
0|002162|20160309|0
1|600841|20160112|0
0|300515|20160711|0
1|600874|20160113|3183106.94
0|300435|20160516|0
0|300301|20160426|3692709
0|000567|20160526|0
0|002631|20160408|0
0|000976|20160627|0
0|000007|20160715|0
0|300042|20160420|0
0|000411|20160715|8291545
0|000018|20160215|0
0|002738|20160316|0
0|002664|20160309|0
0|000965|20160630|0
0|300264|20160714|0
0|002213|20160516|16714612
0|002347|20160310|0
0|300322|20160624|24497175.86
1|600760|20160304|0
0|002782|20160405|0
1|600444|20160603|0
0|000985|20160602|0
0|002573|20160530|323200
1|600806|20160308|0
0|000935|20160425|0
0|000928|20160407|0
0|000532|20160301|0
0|300510|20160520|0
0|300510|20160520|0
0|300510|20160520|0
0|300486|20160623|0
0|000780|20160617|0
0|000973|20160222|0
0|300209|20160304|0
0|002788|20160314|0
0|300380|20160222|6462940
0|000032|20160218|0
0|000022|20160708|0
1|603818|20160323|0
0|000678|20160411|0
0|002378|20160413|0
0|002785|20160707|0
0|300336|20160728|1255848
0|000616|20160523|66612
1|601966|20160714|0
0|002383|20160317|0
0|002286|20160225|90499644.89
0|002286|20160225|90499644.89
0|002218|20160722|0
0|000798|20160125|0
0|300324|20160310|0
1|600225|20160427|0
0|002208|20160516|24929594
0|002108|20160427|145548000
0|002396|20160412|73779612.32
1|600584|20160714|122774408.49
0|000727|20160325|0
0|002576|20160503|0
0|300505|20160329|0
0|300505|20160329|0
0|300505|20160329|0
0|002015|20160415|0
1|600556|20160707|8749566
0|002696|20160711|0
1|600200|20160317|1176939
0|300367|20160301|82648383.4
1|603822|20160524|0
0|002110|20160616|0
0|002213|20160126|0
0|002361|20160229|0
0|002373|20160215|0
0|002189|20160301|8831501
0|002570|20160715|43816795.65
0|000717|20160615|0
0|300092|20160114|0
0|002085|20160317|14860211.9
0|300282|20160728|8706379
0|002768|20160314|0
0|300481|20160513|8273747
0|002599|20160518|10186966
1|603018|20160329|0
0|002077|20160311|3377644.76
0|002059|20160328|0
0|300095|20160518|38210925
0|300277|20160714|0
0|300521|20160728|0
0|300521|20160728|0
0|300021|20160304|0
1|600759|20160405|0
0|000803|20160620|0
0|300351|20160425|16765022.78
0|300509|20160511|0
0|300509|20160511|0
0|300128|20160121|7838776.12
0|300466|20160118|0
0|002348|20160201|0
0|300503|20160606|9702647
0|300462|20160106|3760506
0|300462|20160106|3760506
0|002780|20160719|0
0|000567|20160406|0
0|300054|20160314|8940351
0|000430|20160118|0
0|000056|20160624|0
0|000803|20160408|0
1|600250|20160518|0
0|300495|20160127|0
0|300495|20160127|0
0|002205|20160126|22820963.73
0|002789|20160322|0
0|002789|20160322|0
1|600121|20160420|0
1|600121|20160420|0
0|300491|20160121|0
0|300491|20160121|0
0|000796|20160510|0
0|300503|20160616|0
0|002528|20160308|0
0|002528|20160308|0
0|000639|20160509|71001989.65
0|002201|20160519|0
0|002186|20160711|0
0|300477|20160129|0
0|000012|20160219|0
0|300326|20160126|10663719.12
0|002741|20160205|0
0|002741|20160205|0
0|000029|20160420|0
0|000029|20160420|0
0|300022|20160426|0
0|300481|20160427|0
0|300464|20160111|0
0|300464|20160111|0
0|002110|20160310|0
0|000860|20160126|25214708.64
0|002759|20160215|0
0|300346|20160519|17931529.23
1|600071|20160311|0
1|600975|20160304|0
1|603029|20160524|0
0|300323|20160202|0
0|300445|20160412|0
0|300076|20160712|0
1|600190|20160509|0
0|002796|20160711|0
0|002796|20160711|0
0|002443|20160308|0
0|002802|20160729|0
1|600765|20160127|0
0|300507|20160711|0
0|000629|20160503|0
0|000733|20160503|0
1|603696|20160222|0
0|300081|20160711|0
0|300198|20160108|35544946.54
1|600231|20160324|0
0|000537|20160720|0
0|300466|20160114|0
0|300466|20160114|0
1|601231|20160523|0
0|300320|20160624|0
0|002786|20160119|0
0|002787|20160719|0
0|002785|20160301|0
0|300499|20160225|0
0|300499|20160225|0
0|300499|20160225|0
0|300503|20160607|5925815.97
0|300497|20160203|0
0|300497|20160203|0
1|600121|20160422|0
1|603398|20160309|0
0|002788|20160412|0
1|601177|20160201|0
1|600460|20160513|0
0|000007|20160718|0
1|603936|20160127|0
0|000038|20160622|0
0|300282|20160108|0
0|000957|20160412|0
0|300497|20160215|0
0|300497|20160215|0
0|002618|20160711|8638722.08
0|300140|20160126|0
0|002786|20160405|0
0|002088|20160229|0
1|603608|20160314|0
0|002751|20160217|0
0|300092|20160616|0
0|002768|20160426|0
0|002788|20160425|0
0|002778|20160405|0
0|300155|20160308|0
0|002780|20160121|0
0|002779|20160119|0
0|300491|20160223|0
0|000011|20160304|0
0|000011|20160304|0
1|603010|20160408|0
1|603016|20160722|0
1|600097|20160526|0
1|603101|20160518|0
0|002795|20160512|0
0|002795|20160512|0
0|300153|20160405|0
1|603909|20160722|0
1|603909|20160722|0
1|603909|20160722|0
1|601137|20160304|0
0|000721|20160725|0
0|000042|20160127|8299303.82
0|300512|20160613|0
0|002227|20160119|0
0|002122|20160309|0
0|300513|20160708|0
1|603901|20160309|0
1|603520|20160408|0
0|300500|20160226|0
0|300500|20160226|0
0|300500|20160226|0
1|600082|20160229|0
0|002491|20160127|0
0|300510|20160720|0
1|600848|20160707|0
1|600226|20160201|0
0|000533|20160325|0
0|000525|20160622|0
0|002451|20160126|0
0|300497|20160129|0
0|002793|20160505|0
0|002793|20160505|0
0|002793|20160505|0
1|603779|20160614|0
0|000519|20160112|7211454.64
0|000990|20160104|5185511
0|000990|20160104|5185511
0|002799|20160721|0
0|300028|20160330|0
0|300500|20160304|0
0|300500|20160304|0
0|000020|20160105|0
0|002782|20160406|0
0|002729|20160510|0
0|300515|20160729|0
0|300511|20160517|0
0|300511|20160517|0
0|002634|20160108|6888870.94
0|300031|20160129|0
1|600971|20160222|0
0|002753|20160711|0
0|300141|20160129|0
0|002514|20160607|0
0|300135|20160222|0
0|300320|20160127|0
0|002796|20160708|0
0|300048|20160225|20679197.9
0|300023|20160126|0
0|300508|20160525|0
0|002792|20160411|0
0|002792|20160411|0
0|002792|20160411|0
1|603737|20160705|0
0|000672|20160713|0
1|603300|20160122|25564334
0|300191|20160308|0
0|000892|20160722|0
0|002785|20160705|0
0|000638|20160725|0
0|002386|20160517|0
0|000526|20160512|0
0|300162|20160301|0
0|000748|20160311|0
0|300329|20160126|10815652.6
0|002014|20160113|0
1|600231|20160330|0
0|000038|20160630|0
0|002796|20160525|0
0|002796|20160525|0
1|600153|20160615|5185998
1|603919|20160511|0
0|300253|20160517|28226225.45
1|600468|20160104|0
1|600550|20160513|0
1|603029|20160713|0
0|000720|20160126|0
0|002691|20160726|0
0|002802|20160726|0
0|002001|20160121|46713610.9
0|300372|20160713|0
0|002707|20160315|0
0|002786|20160517|0
0|300211|20160118|0
0|000603|20160428|10307823.47
0|000779|20160115|53220224.68
0|000023|20160419|0
0|000890|20160126|24594786.14
0|000603|20160725|30628527.96
0|000796|20160511|600600
0|300499|20160421|0
1|603800|20160106|0
0|002535|20160524|0
0|000980|20160415|0
0|000735|20160111|0
0|000034|20160418|0
0|000632|20160422|0
0|300073|20160225|54972114.48
0|000985|20160308|0
0|002788|20160324|0
0|002781|20160222|0
0|300222|20160520|0
0|002790|20160318|0
0|002790|20160318|0
0|002057|20160519|0
0|000751|20160301|0
0|300427|20160201|0
0|300451|20160331|0
0|002574|20160129|0
0|300329|20160119|0
0|002066|20160201|0
0|002664|20160614|48666520.11
0|000710|20160407|0
1|600552|20160602|0
0|002211|20160205|0
0|300194|20160105|0
0|300507|20160624|0
0|300168|20160517|0
0|300067|20160315|0
0|002654|20160325|0
0|300502|20160706|0
0|002245|20160114|0
0|300495|20160304|0
0|000967|20160630|10468246.67
0|002158|20160711|0
1|600360|20160426|10218496
0|000856|20160316|0
0|002791|20160407|0
0|002791|20160407|0
0|002791|20160407|0
0|300522|20160725|0
0|300522|20160725|0
0|002786|20160519|0
0|300127|20160420|0
0|000915|20160525|0
1|600083|20160418|0
1|600083|20160418|0
0|002616|20160729|14105
0|002788|20160630|0
1|600975|20160621|0
0|000034|20160415|0
0|002596|20160201|29862124.39
0|300511|20160523|0
0|000099|20160429|0
0|000901|20160527|0
0|300491|20160630|0
0|300187|20160407|0
0|300169|20160621|0
0|000780|20160425|0
0|000909|20160127|0
0|002076|20160504|0
0|000628|20160105|4478970
0|002431|20160714|0
0|002679|20160122|0
0|300364|20160307|21979469.01
0|300507|20160621|0
0|000718|20160718|2357178
0|002323|20160516|0
1|600967|20160217|7410555
0|002798|20160705|0
0|000710|20160518|0
0|002782|20160517|0
0|002158|20160725|0
0|002299|20160308|80781844.47
0|002566|20160725|0
0|002537|20160627|0
0|000020|20160420|0
0|000668|20160620|0
1|603869|20160224|4442717
0|000810|20160301|9463403
0|300508|20160524|0
0|002782|20160224|0
0|300507|20160614|4770470
1|600687|20160127|0
0|000736|20160614|0
0|300226|20160108|0
0|300493|20160222|0
0|300469|20160315|0
0|300051|20160422|0
1|603029|20160706|0
0|000534|20160301|0
0|300457|20160225|0
0|000889|20160223|0
1|603866|20160111|0
0|300121|20160720|0
0|002408|20160309|0
0|300507|20160706|0
1|601020|20160706|0
1|600133|20160328|0
0|300510|20160704|0
0|000810|20160125|0
0|002782|20160120|0
0|002782|20160120|0
0|002782|20160120|0
0|002222|20160530|0
0|000514|20160229|0
1|600533|20160301|0
1|600302|20160414|0
0|000930|20160729|0
0|002777|20160215|0
1|600462|20160720|0
0|000795|20160201|0
0|300036|20160118|0
0|000514|20160226|0
0|000514|20160226|0
0|000936|20160408|0
0|300343|20160429|0
0|002788|20160301|0
0|002788|20160301|0
0|002788|20160301|0
0|002717|20160112|67230505.61
0|300257|20160613|0
0|300121|20160718|0
0|300121|20160718|0
0|300491|20160621|0
0|300491|20160621|0
0|300162|20160302|73343116.3
1|603636|20160712|15029297.5
0|000932|20160107|0
0|300503|20160705|10292513.34
0|300157|20160516|12119866
0|300493|20160118|6602325.72
0|300493|20160118|6602325.72
0|300497|20160205|0
0|000912|20160620|0
0|002703|20160120|0
0|000502|20160331|0
0|300508|20160616|0
0|002030|20160411|0
0|002786|20160520|0
0|002786|20160520|0
0|002209|20160614|0
0|002264|20160311|0
0|002684|20160429|0
0|300093|20160122|0
0|002047|20160223|0
0|000766|20160729|0
0|300496|20160408|0
0|000058|20160226|0
0|000058|20160226|0
1|600153|20160616|0
0|300400|20160524|0
1|601388|20160728|0
1|600682|20160718|0
1|600667|20160128|0
0|300463|20160608|0
0|002679|20160315|0
0|300493|20160721|0
0|300370|20160128|0
0|002751|20160112|0
1|600882|20160620|19397046.65
1|600584|20160627|79366372.71
0|002219|20160622|0
0|002634|20160201|0
0|000628|20160623|0
0|300220|20160606|0
0|300495|20160613|0
0|000886|20160121|0
0|300503|20160706|0
0|002281|20160721|10704744.07
1|600297|20160114|0
0|300501|20160725|0
0|002371|20160504|0
0|000779|20160412|5640503.6
0|000018|20160412|0
0|002387|20160405|5591844
0|002618|20160311|0
0|300495|20160309|0
0|300428|20160713|0
0|300343|20160503|0
0|002795|20160711|0
0|000065|20160315|0
0|002247|20160120|0
0|300211|20160329|3965448
0|300054|20160315|1997000
0|002145|20160205|0
0|002642|20160405|0
0|002738|20160725|0
0|002729|20160429|0
0|300336|20160331|4656960
0|300510|20160718|0
0|300381|20160511|10884160
1|600614|20160229|0
0|002686|20160718|0
0|300429|20160226|0
0|300281|20160108|0
0|002141|20160324|0
0|002795|20160705|0
0|002795|20160705|0
0|300294|20160127|29953813.11
1|600966|20160105|0
0|300433|20160408|0
0|000679|20160629|0
0|000982|20160503|0
1|601965|20160201|0
0|002343|20160301|88686888.88
0|000008|20160621|0
1|600117|20160226|0
0|300206|20160415|0
0|002421|20160309|0
0|000657|20160728|0
0|300194|20160106|0
0|000953|20160129|2713561.28
0|002291|20160122|0
0|000796|20160701|3740753
0|300377|20160622|0
0|300399|20160712|0
1|600225|20160127|0
0|002134|20160203|0
0|002280|20160401|0
0|000921|20160111|0
0|300456|20160125|28694583
0|002504|20160223|0
0|300474|20160429|0
0|300474|20160429|0
0|300513|20160707|0
0|002599|20160106|17366471.09
0|000881|20160715|4690407.32
0|002802|20160725|0
1|603299|20160405|0
0|300481|20160428|32930160.8
1|600980|20160225|0
0|300496|20160118|32597085.1
0|300496|20160118|32597085.1
0|300364|20160122|60441376.24
1|601900|20160229|0
0|002654|20160106|0
1|600682|20160301|23683101.65
0|000981|20160316|0
0|000981|20160316|0
0|000761|20160205|0
0|300067|20160309|3159187.55
0|002707|20160316|16029382
1|600383|20160205|0
0|002040|20160216|0
0|300506|20160630|0
0|300506|20160630|0
0|002615|20160106|0
0|002615|20160106|0
0|002134|20160201|0
1|601608|20160331|0
1|600806|20160203|0
0|300400|20160226|0
1|600692|20160725|0
0|002018|20160419|1776828
0|300508|20160608|0
0|300346|20160525|0
0|002777|20160203|0
0|000970|20160526|0
1|600898|20160519|717381
0|000933|20160223|0
0|000019|20160421|0
1|600645|20160607|0
0|002795|20160701|0
0|002114|20160309|0
0|002715|20160620|0
0|300092|20160614|0
0|300062|20160108|0
0|002053|20160314|0
0|000571|20160721|0
0|300344|20160503|0
0|300506|20160719|0
0|300089|20160303|16531327.5
0|002348|20160511|0
0|000985|20160304|0
0|000532|20160225|0
1|600702|20160127|7355880.3
0|300230|20160301|38163869.7
0|000151|20160705|0
0|000519|20160708|0
0|000779|20160518|0
0|002192|20160421|0
0|000155|20160106|0
0|002234|20160304|24026781.99
0|300207|20160217|20793850.38
0|300503|20160620|0
0|002458|20160115|13541105.47
0|002222|20160125|60058843.36
0|300198|20160113|5185991.15
0|002182|20160621|0
1|600185|20160419|0
1|600778|20160509|0
0|002395|20160524|25449024.96
0|000911|20160422|33574875
0|300491|20160308|0
0|300292|20160725|0
0|002092|20160524|0
0|002779|20160127|0
0|300394|20160412|0
0|300109|20160309|16738791.37
0|300109|20160309|16738791.37
0|000779|20160630|19181669.25
1|600225|20160120|0
0|002780|20160126|8368387
1|603919|20160504|0
0|000548|20160406|0
0|000915|20160628|129830299
1|603398|20160107|0
1|603398|20160107|0
0|002155|20160624|41821479.83
0|000961|20160617|0
0|000150|20160411|8456233
0|300409|20160126|19799001.4
1|603936|20160122|0
1|600751|20160201|0
0|000829|20160527|27816228.04
0|300390|20160714|0
0|300300|20160105|0
0|300127|20160519|0
0|002218|20160630|0
0|002171|20160408|0
0|002709|20160509|0
1|600355|20160509|0
0|002645|20160303|0
0|002645|20160303|0
0|002453|20160406|0
0|300073|20160606|0
0|300019|20160715|0
0|300006|20160219|0
0|000563|20160201|24464296
0|002776|20160325|0
0|002615|20160315|0
0|002615|20160315|0
0|000413|20160718|0
0|002634|20160127|0
0|300294|20160201|14346679.03
0|000760|20160225|0
0|000626|20160219|0
0|000011|20160310|0
0|300510|20160715|0
0|002114|20160302|0
0|002276|20160405|0
0|300515|20160727|0
0|002654|20160129|0
0|002113|20160718|0
1|600175|20160112|0
0|002678|20160122|1619879
1|600960|20160304|5640750
0|002565|20160429|0
0|000988|20160112|75090124.03
0|002331|20160711|0
0|000626|20160308|0
0|000626|20160308|0
0|300250|20160322|0
0|300419|20160401|0
0|000695|20160105|0
1|600734|20160105|0
0|300513|20160712|0
0|002801|20160729|0
0|300335|20160607|15142853.09
0|300201|20160513|0
0|002667|20160304|19983726.5
0|000066|20160314|0
0|300481|20160425|18738365.18
0|000586|20160115|0
1|601388|20160223|0
0|300269|20160301|6777000
0|000838|20160322|0
0|000838|20160322|0
0|000971|20160620|0
0|000876|20160302|21948687
0|002596|20160108|8208940
0|300312|20160715|0
0|300401|20160115|0
0|002077|20160614|0
0|000530|20160701|0
0|000530|20160701|0
0|300097|20160608|0
0|000034|20160725|67147480.56
0|002286|20160718|11639504
0|300505|20160603|0
0|002229|20160310|0
1|600603|20160127|0
0|002370|20160329|0
0|002707|20160512|7801876.41
0|300063|20160516|4451031
1|600455|20160223|0
1|603377|20160226|0
1|603377|20160226|0
0|002664|20160520|77316643.74
0|002182|20160622|33950699.29
0|300338|20160229|2145406.08
0|000636|20160304|0
0|300458|20160628|0
0|300192|20160516|0
1|600647|20160506|0
0|300342|20160307|7118338.43
1|600116|20160419|0
1|603398|20160114|10607698.55
0|300176|20160406|0
0|300176|20160406|0
0|000638|20160726|0
0|002280|20160105|0
0|000716|20160219|0
0|002407|20160516|0
0|002740|20160408|0
0|002740|20160408|0
0|002323|20160407|0
0|300349|20160330|0
0|002610|20160422|0
0|002610|20160422|0
0|002072|20160108|3478672
0|000718|20160719|5871340
0|300047|20160728|12415996
0|002284|20160127|0
0|002535|20160512|0
0|002219|20160623|1158720
0|000980|20160412|0
0|300058|20160713|0
0|300032|20160219|0
0|002584|20160525|0
0|000892|20160707|11061960
0|300348|20160603|0
1|600960|20160325|0
0|000957|20160623|0
0|300481|20160504|0
1|600828|20160421|0
0|002467|20160412|0
1|603398|20160511|0
0|300443|20160422|0
0|000413|20160720|0
0|002780|20160301|60422887.2
0|002191|20160325|0
0|300189|20160128|0
0|002363|20160225|0
0|002454|20160225|0
0|300088|20160407|0
0|300023|20160406|0
0|002353|20160425|10972778.18
0|000768|20160704|0
0|300008|20160226|0
0|300506|20160728|0
0|300506|20160728|0
1|603398|20160120|21695632.7
0|300247|20160322|0
0|002590|20160511|0
0|300166|20160425|35168209.67
0|300134|20160719|0
0|300201|20160512|0
1|600459|20160601|0
0|300503|20160601|0
0|300053|20160524|0
0|002740|20160418|0
0|002619|20160427|0
0|002619|20160427|0
1|600978|20160129|66209324.6
0|000889|20160701|0
0|002309|20160509|4048714
0|000043|20160301|0
0|000615|20160127|0
0|300491|20160413|6809532.54
0|000532|20160616|0
0|300507|20160705|0
0|300377|20160323|30830537
1|600149|20160721|0
0|300049|20160127|15169188
0|300426|20160627|0
0|300360|20160623|18314267.65
0|002189|20160226|32675362.7
1|600168|20160408|0
0|002505|20160616|0
0|002340|20160606|0
0|300462|20160627|0
0|300278|20160224|0
0|300340|20160512|0
0|300340|20160512|0
0|002473|20160204|0
1|600856|20160520|0
0|300314|20160303|0
0|002016|20160720|0
0|002016|20160720|0
0|000657|20160330|26716020.71
0|300306|20160225|55172148.26
0|300306|20160225|55172148.26
1|600711|20160330|0
0|000802|20160329|0
0|300310|20160205|29613159.01
0|300383|20160422|10569000
0|000768|20160127|15572792.92
0|002645|20160126|0
0|002645|20160126|0
0|000606|20160304|6300293.27
0|002153|20160511|30931414.84
0|002488|20160323|0
0|002488|20160323|0
1|603936|20160108|0
1|603936|20160108|0
0|002036|20160222|0
1|600556|20160718|0
0|002253|20160307|0
0|000983|20160107|37435472.66
0|002431|20160317|0
0|300047|20160108|40500900.29
0|000517|20160419|0
0|300006|20160224|0
0|000662|20160517|0
0|000972|20160513|6504300
0|002606|20160311|0
0|002373|20160511|23904810.28
0|002655|20160104|12675702.87
1|600682|20160129|0
0|002091|20160328|88160000
0|000751|20160414|0
1|600086|20160215|0
0|000038|20160623|0
0|000038|20160623|0
0|000002|20160704|5418336
0|300401|20160121|0
0|300401|20160121|0
0|300459|20160420|0
0|300332|20160308|0
0|300253|20160226|17072117
1|600359|20160704|0
1|600971|20160414|0
0|300362|20160728|0
0|002443|20160112|0
0|000420|20160301|0
0|300264|20160511|0
0|000626|20160224|0
1|600217|20160311|0
0|300088|20160302|0
0|300493|20160114|0
0|300450|20160304|0
0|002691|20160728|0
0|000633|20160111|15066978.85
0|000712|20160301|7149466.09
1|600175|20160113|0
0|000679|20160511|0
0|002705|20160426|13768835.72
0|002788|20160622|0
0|300084|20160602|6045148
1|600856|20160519|0
0|002795|20160630|0
0|002466|20160205|0
0|002329|20160329|18573001.11
0|002664|20160311|4273363
0|002502|20160122|0
0|300364|20160125|0
0|000503|20160217|0
0|000670|20160105|0
0|002070|20160118|0
0|000615|20160129|0
0|300508|20160614|15885881.82
0|000793|20160505|0
1|603567|20160316|0
0|002792|20160608|0
0|000892|20160511|6955000
0|000547|20160122|0
0|000628|20160111|10966668
0|300131|20160304|0
0|300101|20160608|0
0|002253|20160325|0
0|000829|20160714|0
0|002713|20160524|0
0|000693|20160216|0
0|002504|20160225|0
0|002452|20160713|0
0|300155|20160203|0
0|300073|20160520|49212385.46
0|300490|20160518|0
0|002355|20160111|72293025.67
0|002746|20160308|36514878.12
0|002104|20160714|9858650
1|600136|20160513|21972862.4
1|600097|20160201|0
0|300474|20160530|0
0|300496|20160115|0
0|300043|20160620|1335258
0|300450|20160217|0
0|002619|20160718|0
1|600987|20160420|0
1|603318|20160621|0
0|002466|20160204|0
0|002234|20160525|38923071.31
0|000526|20160420|0
0|300508|20160620|0
0|300508|20160620|0
0|002777|20160608|0
1|601018|20160222|18469922
0|002730|20160105|0
0|002114|20160308|0
0|000996|20160603|0
0|300122|20160721|0
1|600155|20160203|0
1|603996|20160523|0
0|300508|20160711|0
0|300508|20160711|0
0|000802|20160308|0
0|300116|20160328|0
0|000810|20160329|0
0|300401|20160226|59226763.85
0|002407|20160418|0
0|000546|20160427|0
0|002788|20160418|4659955
0|002678|20160120|0
0|002325|20160629|0
0|300313|20160413|7535993
0|300313|20160413|7535993
1|600423|20160304|0
0|002283|20160107|0
0|300469|20160316|0
0|300093|20160511|0
0|002654|20160324|0
0|300025|20160602|0
0|002352|20160620|0
0|002352|20160620|0
0|002443|20160628|30082588.06
0|000880|20160524|0
0|000566|20160726|0
1|600969|20160426|0
0|000070|20160516|3739515
0|300028|20160405|0
0|300341|20160718|0
0|000606|20160201|9879407
1|603885|20160525|4123896
0|002026|20160226|14566558.51
0|000973|20160223|0
0|300071|20160114|4470500
0|002368|20160105|167780154.69
0|002103|20160620|57096355
0|300401|20160311|0
0|300265|20160721|0
0|002156|20160624|0
0|000586|20160113|0
0|002240|20160623|0
0|002273|20160122|16129483.63
0|002770|20160114|0
0|300496|20160119|0
1|600775|20160729|0
0|300188|20160420|0
0|000555|20160715|0
0|000056|20160519|0
1|603111|20160405|10725946.5
0|002782|20160613|0
0|002717|20160224|0
1|600706|20160427|0
0|002156|20160527|0
0|000555|20160225|29815000
0|300045|20160112|0
0|002776|20160331|0
0|002776|20160331|0
1|600198|20160420|0
0|002605|20160728|0
0|000166|20160321|0
0|002152|20160621|43026542.3
0|300351|20160218|0
0|300010|20160112|3903630.3
0|002183|20160105|21562481.14
0|300290|20160115|24357570.49
0|300016|20160411|0
0|002466|20160421|0
0|002703|20160623|0
0|002703|20160623|0
0|300083|20160217|0
1|600328|20160727|19155716
0|300188|20160127|16251951.74
0|300362|20160729|0
0|002208|20160518|13832716
1|601069|20160216|11530389
0|300409|20160708|13986094.32
0|300364|20160112|59183314.59
0|000851|20160722|56390880.61
0|000851|20160722|56390880.61
0|300395|20160517|4974341.03
0|002584|20160325|0
0|000738|20160115|39910597.27
0|000700|20160301|0
0|002121|20160623|32309867.45
1|601222|20160704|0
0|300481|20160505|0
0|300028|20160406|0
0|002285|20160229|0
1|603003|20160225|0
0|002235|20160427|0
0|300340|20160516|86523304.39
0|300340|20160516|86523304.39
0|300376|20160323|14860111.51
1|600172|20160203|15434961.11
0|300006|20160412|0
0|300401|20160301|32996161.58
0|002336|20160128|0
0|300476|20160506|0
0|300476|20160506|0
0|300490|20160204|0
0|300490|20160204|0
0|000799|20160505|0
1|600960|20160307|0
0|300061|20160721|175496327.77
0|300083|20160411|0
0|000933|20160203|18016885
0|300340|20160705|0
0|002542|20160525|0
0|300409|20160129|15425290.53
0|300367|20160713|52651003.49
0|002716|20160705|12383093
0|300481|20160519|0
0|300481|20160519|0
0|000555|20160226|25814330.84
0|002070|20160509|0
1|600673|20160408|0
0|002514|20160526|0
1|603398|20160224|0
0|000065|20160316|22132009.79
0|300481|20160520|0
1|600375|20160323|0
1|603318|20160613|0
1|603318|20160613|0
0|002323|20160331|0
0|300468|20160317|0
0|300510|20160630|0
0|000807|20160309|53309738.67
0|000839|20160401|0
0|002347|20160718|0
0|000796|20160512|0
0|002780|20160114|0
0|002567|20160428|20387750.43
0|300201|20160511|12901670
0|002678|20160119|0
0|002070|20160523|0
0|300351|20160219|0
0|000023|20160512|0
1|600391|20160119|10774924
0|300368|20160202|0
0|300292|20160720|0
0|300282|20160726|88534553.09
1|600101|20160229|0
1|603398|20160112|28652529.07
0|300432|20160613|0
0|002445|20160301|0
0|300061|20160224|6999000
1|600569|20160107|0
1|603318|20160223|0
0|000018|20160217|0
0|300331|20160531|0
0|300315|20160301|0
0|300310|20160307|45331138.51
0|000615|20160107|0
0|000933|20160309|0
0|002466|20160527|0
0|000918|20160512|0
0|002055|20160425|0
0|300326|20160125|0
0|002779|20160107|0
0|002779|20160107|0
0|000937|20160118|7663523
0|300213|20160627|39210859.53
0|002739|20160606|202356000
0|002793|20160601|0
0|000779|20160127|0
0|300465|20160315|0
0|300036|20160122|17713431.74
0|300479|20160608|0
0|000892|20160516|0
0|002296|20160309|0
1|603799|20160527|10284331.21
0|000555|20160118|0
1|601966|20160719|0
0|300512|20160627|0
1|601388|20160216|45633159
0|002466|20160105|29696560
0|002626|20160308|0
0|300136|20160525|48805634.96
0|300066|20160624|0
0|002568|20160119|8825147.6
1|600399|20160105|0
0|002113|20160712|0
0|300310|20160127|31002536.15
0|002587|20160728|0
0|002454|20160421|4289370
0|000911|20160617|162855124.88
0|300481|20160422|48845248
0|002239|20160106|0
0|002590|20160324|0
0|002407|20160520|0
0|300011|20160125|47094305.19
0|300078|20160301|37793234.73
0|000983|20160203|10999162.94
0|300195|20160106|3590145
1|600383|20160112|0
0|000413|20160712|0
0|300081|20160328|0
0|000686|20160321|0
0|002500|20160321|0
0|000915|20160726|9678848.83
0|000959|20160113|36148404.32
1|600303|20160325|23070278.95
0|000917|20160608|11537500
0|300336|20160421|33334093.42
0|002261|20160202|0
0|000925|20160712|0
0|300474|20160630|0
0|002468|20160120|29746482.1
0|002468|20160509|0
0|300098|20160201|15817086.76
0|300505|20160418|0
0|002292|20160222|47813764.45
0|002114|20160303|4120000
0|300426|20160718|0
0|002174|20160215|6083790
0|000625|20160331|95923997.01
0|000066|20160315|0
0|300333|20160112|8542838
0|002795|20160525|0
0|002032|20160425|55436863.12
1|600603|20160118|7831379.71
0|300327|20160614|0
0|002785|20160304|0
0|002548|20160530|31756768.58
1|600233|20160729|0
0|000738|20160127|0
0|300178|20160222|0
1|600389|20160503|6652069.59
0|002256|20160622|0
0|002256|20160622|0
1|603936|20160630|0
1|601388|20160226|27936943.6
0|300131|20160323|0
0|300031|20160511|58777547.42
0|002667|20160224|0
0|300131|20160324|0
0|000829|20160420|0
0|002429|20160523|0
0|300024|20160406|0
0|002504|20160219|0
0|002504|20160219|0
0|300450|20160218|0
1|600873|20160530|0
0|002091|20160329|0
0|000612|20160627|0
0|300299|20160223|0
0|002662|20160617|2510035.82
1|600149|20160722|0
0|300036|20160120|65121067.21
0|300036|20160120|65121067.21
1|600893|20160127|0
0|300292|20160722|0
0|300429|20160712|40591576.3
0|000669|20160419|31488979.75
0|000890|20160418|0
0|002265|20160302|0
0|000800|20160606|0
0|002768|20160401|0
0|002768|20160401|0
0|002782|20160201|9553000
0|300505|20160531|13654380
0|002407|20160503|0
0|000952|20160408|57308290.88
0|000150|20160127|0
0|000786|20160126|12535344.64
0|002717|20160511|10556444.55
0|002740|20160401|0
1|600469|20160608|0
0|002309|20160426|2942224.79
0|000990|20160108|0
0|002787|20160607|0
0|000932|20160203|3459516
0|002488|20160322|0
0|002703|20160627|0
0|002510|20160621|0
0|300222|20160223|0
0|000971|20160106|158829158.46
0|300073|20160722|24821155
0|002697|20160418|0
0|300100|20160229|18006945
0|002494|20160329|7543726.23
0|002086|20160108|0
0|000615|20160108|0
0|000893|20160713|0
0|002466|20160121|33896861.46
1|601233|20160413|58907600
0|002075|20160223|368695
0|300073|20160125|0
0|000901|20160218|0
0|002702|20160217|0
0|300089|20160302|14458165.76
0|300089|20160302|14458165.76
0|002776|20160408|0
0|000610|20160725|0
0|002030|20160617|0
0|300023|20160323|0
0|300481|20160523|0
0|002230|20160215|0
0|000626|20160304|0
0|300081|20160325|0
0|300081|20160325|0
0|002049|20160315|0
0|002587|20160729|0
0|002502|20160425|11781133.3
0|300340|20160708|33111686.94
1|600745|20160518|37885305.48
0|002349|20160718|0
0|002664|20160310|0
0|300476|20160505|0
0|002375|20160218|0
0|300279|20160129|45997628.59
0|000810|20160122|0
0|300327|20160530|7002713
0|002006|20160421|0
0|000688|20160728|10024664.65
0|000626|20160223|0
0|000028|20160325|208619664.39
0|300463|20160530|30778836.42
1|603936|20160107|0
0|000712|20160223|0
0|300178|20160512|0
0|000960|20160309|0
0|300477|20160606|0
0|002675|20160527|7910486
1|600988|20160315|0
0|300078|20160111|76574732.25
1|603799|20160725|9812498
0|300198|20160617|0
0|300100|20160303|0
0|000519|20160104|0
0|002449|20160226|0
0|002431|20160318|0
0|002358|20160603|38988776.66
0|000980|20160616|12349799.72
0|002673|20160323|0
0|000783|20160321|51343381.6
0|000626|20160215|0
0|002619|20160603|0
0|000851|20160126|0
0|300251|20160530|18455156.39
0|002761|20160412|0
0|000838|20160107|0
0|002787|20160422|0
1|600122|20160616|71094318
0|300007|20160622|66050599.6
0|300264|20160325|0
0|000810|20160126|0
0|000409|20160127|0
0|002089|20160725|10047624
0|000638|20160728|0
0|002121|20160111|0
0|300432|20160622|0
0|300453|20160331|0
0|300453|20160331|0
0|300432|20160629|0
1|600153|20160617|47140238.05
0|300364|20160603|55773422.73
0|002075|20160218|0
0|000670|20160406|48657374.17
0|002577|20160512|0
0|002703|20160624|0
0|300450|20160219|0
0|300459|20160323|12193529.8
0|002292|20160205|12267025
0|002590|20160418|0
1|600166|20160524|0
0|000933|20160127|0
0|002475|20160711|76181137.89
0|300450|20160127|0
0|002329|20160108|8629703.2
0|000520|20160218|0
0|000534|20160331|0
0|000748|20160314|0
0|300340|20160606|0
0|300491|20160617|0
0|300326|20160122|21137703.08
0|002192|20160325|0
1|603618|20160331|0
0|300410|20160706|0
0|002762|20160711|0
0|000519|20160712|0
0|000019|20160420|0
0|000019|20160420|0
0|300250|20160118|0
0|002383|20160318|0
0|002654|20160303|0
0|002654|20160303|0
0|000795|20160520|0
0|000795|20160520|0
0|002546|20160324|0
0|300366|20160519|0
1|601011|20160215|0
1|600654|20160406|55999800
1|600273|20160412|0
0|300294|20160307|14618767.44
0|300329|20160113|19378770
0|300364|20160118|13250967
0|000615|20160218|0
0|002051|20160122|14749624.2
0|002736|20160321|0
0|002452|20160712|0
0|000971|20160224|60339559.36
1|601199|20160524|52034281.55
0|002751|20160125|27578629
0|300292|20160721|0
0|002573|20160531|0
0|000835|20160726|0
0|000333|20160712|167264087.26
0|000603|20160705|61392188.42
0|000806|20160108|0
0|000901|20160309|0
1|600645|20160113|40438105.65
0|002546|20160323|0
0|002439|20160621|16516022.8
0|000728|20160321|0
0|002371|20160113|45585585.39
0|002114|20160414|0
0|002546|20160325|0
0|300168|20160127|0
0|000718|20160720|26493617.12
0|000980|20160704|0
0|000980|20160704|0
1|600502|20160427|19148142.69
1|601599|20160706|0
0|300131|20160128|0
0|000670|20160505|0
1|600303|20160125|0
0|000657|20160225|0
0|000657|20160225|0
0|002631|20160411|0
1|600392|20160623|0
0|300329|20160219|0
0|002546|20160223|32990000
0|002384|20160224|0
1|600116|20160126|0
0|002504|20160715|0
0|300025|20160603|0
0|000035|20160218|0
0|002228|20160202|0
0|000700|20160222|18016645.56
0|002662|20160401|0
1|600343|20160104|65589992.04
1|600259|20160623|0
1|600749|20160628|0
0|000727|20160215|0
0|000727|20160215|0
0|000748|20160315|216521930.62
0|001896|20160302|0
0|002643|20160630|12066914
0|300431|20160329|20391975.8
0|300431|20160329|20391975.8
0|000806|20160712|0
0|002237|20160308|0
1|600420|20160323|0
0|000519|20160106|19200000
0|000519|20160106|19200000
1|600530|20160121|0
0|300432|20160608|0
0|002709|20160518|0
1|600745|20160504|0
1|600000|20160311|258747476.67
0|000758|20160708|325680252.95
0|000758|20160708|325680252.95
1|600199|20160713|12014050
1|603799|20160621|0
0|300324|20160314|19218940.81
0|300324|20160314|19218940.81
1|600682|20160201|317499842.3
0|002622|20160726|0
0|002312|20160504|0
0|000776|20160321|0
0|002031|20160401|0
0|000982|20160303|0
0|000982|20160303|0
0|000982|20160303|0
0|002018|20160422|0
0|002292|20160105|49277215.27
0|300431|20160328|0
0|300431|20160328|0
0|300104|20160603|0
0|300028|20160407|0
0|300028|20160407|0
0|300028|20160407|0
0|300028|20160407|0
0|300083|20160126|0
0|300083|20160126|0
1|600556|20160708|0
1|600556|20160708|0
0|002048|20160411|34895641.34
1|603799|20160603|0
0|300336|20160405|0
0|300377|20160601|0
0|002018|20160421|0
0|002018|20160422|0
1|601186|20160718|0
