0|002390|20160707|21759836.8
0|300431|20160406|0
0|002095|20160118|0
0|002709|20160517|0
0|002222|20160721|13762000
1|601111|20160120|0
1|603968|20160728|58897783.55
0|002468|20160113|0
0|002465|20160204|0
0|002292|20160125|42434450.51
0|002067|20160525|0
0|000002|20160705|1197793708
1|600273|20160617|20386063.2
0|000758|20160707|23780991.3
0|300017|20160112|56214203.8
0|000021|20160628|0
0|002326|20160622|0
0|000670|20160407|0
0|000592|20160728|0
0|002168|20160721|0
0|002074|20160516|0
0|002019|20160121|0
0|002019|20160204|0
0|000983|20160108|13594456.21
0|300436|20160722|0
0|002407|20160324|0
0|002448|20160324|0
0|000060|20160704|28237685.12
0|300221|20160720|0
1|601118|20160704|0
1|600737|20160217|0
0|300368|20160617|0
0|002733|20160617|0
0|000799|20160603|28067029.54
0|002416|20160411|0
0|300329|20160218|0
0|000558|20160328|201532240.55
1|600958|20160222|0
0|000426|20160706|0
0|300324|20160406|17415484.94
0|002378|20160421|0
0|002055|20160701|0
0|300153|20160706|0
0|300113|20160112|0
0|002155|20160108|0
1|600176|20160708|0
0|300014|20160601|0
0|002488|20160407|13028313
1|601111|20160712|15269008.01
0|002575|20160106|0
1|600988|20160408|21211667.36
0|002468|20160112|0
0|300348|20160630|0
0|002049|20160530|8042907
0|002444|20160523|0
0|002095|20160204|0
0|002751|20160122|0
0|000519|20160105|43899400.6
1|600029|20160712|59526613.21
0|002504|20160714|0
0|300077|20160104|0
0|300496|20160219|0
0|002114|20160413|0
0|300329|20160112|0
0|002235|20160112|518400
0|002235|20160112|518400
0|300410|20160705|13886400
0|300340|20160513|0
0|002103|20160307|0
0|002737|20160712|0
0|000938|20160721|27815154.41
0|300498|20160229|61069293.03
0|002590|20160523|0
1|600073|20160325|40275634.91
0|002407|20160613|0
0|300088|20160520|12290000
0|300248|20160219|31513103.84
0|002643|20160519|48305026.99
0|002582|20160301|58642455.26
0|002582|20160301|58642455.26
0|000615|20160217|0
0|300054|20160316|77967818.92
1|600005|20160411|51605722.61
1|600639|20160623|0
0|000670|20160405|11117343.7
0|002224|20160627|0
0|002106|20160429|0
0|000519|20160711|0
0|002716|20160412|0
0|000911|20160614|0
0|002120|20160729|22655016.05
0|000795|20160519|0
1|600547|20160624|104875148.26
0|002177|20160517|5382531
0|002634|20160406|0
0|300459|20160322|0
0|300459|20160322|0
0|300247|20160720|0
0|000019|20160419|0
0|000895|20160310|7018703.3
1|600360|20160602|0
0|002178|20160623|23969727
0|000506|20160707|0
1|600707|20160504|0
0|300493|20160111|0
0|002402|20160719|0
0|002341|20160616|66035188.93
0|000531|20160613|75121237.97
0|000878|20160204|0
0|002168|20160719|60004535
0|300496|20160114|0
0|300160|20160406|6844754
0|002664|20160523|0
0|300432|20160628|0
0|002292|20160713|0
0|002600|20160421|0
0|300033|20160323|0
0|002182|20160422|0
0|002039|20160512|7035281
0|002219|20160720|0
0|000078|20160411|21157938
0|002157|20160511|10691399
0|002423|20160108|0
0|000626|20160303|0
0|000851|20160125|0
0|300242|20160422|27758432
0|000959|20160114|25479694.94
0|300364|20160114|12518135.96
1|603799|20160510|0
1|603968|20160729|35477624.88
0|002709|20160414|0
0|000021|20160727|95891947.99
0|002787|20160421|0
0|300098|20160622|10291567.5
1|600807|20160718|12527387.5
0|002355|20160331|0
0|000860|20160503|6798973.12
0|002484|20160617|16948685.98
0|000667|20160714|0
0|002341|20160504|82839386.59
0|002075|20160217|0
1|600460|20160520|0
0|000729|20160511|53029289.27
0|002575|20160112|0
0|002224|20160513|21049614.3
0|000838|20160106|0
0|002522|20160720|0
0|300476|20160504|0
1|600990|20160329|142411013.09
0|002590|20160415|27767391.5
1|603377|20160224|0
0|002043|20160628|0
0|002137|20160426|24830147
1|601001|20160113|0
1|600588|20160314|0
1|603002|20160628|0
0|002617|20160113|0
0|300141|20160411|0
0|300496|20160108|0
0|300496|20160108|0
0|300493|20160623|0
0|000048|20160122|0
0|002740|20160331|0
0|002740|20160331|0
0|002396|20160413|22752986.41
0|000567|20160111|22146296.1
1|601011|20160722|0
1|600490|20160322|0
1|600549|20160222|31626582.68
0|000932|20160111|0
0|300135|20160427|0
0|000821|20160629|0
0|002631|20160601|7911515.08
0|002544|20160419|0
1|600397|20160108|0
0|002780|20160111|0
0|002780|20160111|0
0|002768|20160330|0
0|000016|20160224|0
0|000807|20160226|56524076.98
0|000795|20160122|0
1|600006|20160622|0
0|000881|20160118|23750838.44
1|600755|20160406|0
0|300481|20160503|12325786.87
0|300236|20160530|22546687.24
0|000062|20160617|0
0|002787|20160602|0
0|000918|20160517|0
0|002208|20160517|0
0|300481|20160421|0
0|300097|20160510|17800473.36
0|000915|20160711|44328067.45
0|000969|20160519|0
1|600569|20160106|0
0|300104|20160630|0
0|002219|20160624|0
0|002326|20160520|0
0|000554|20160127|0
0|000886|20160621|25230405
1|600220|20160616|0
0|000066|20160629|12465818.75
1|601899|20160711|0
0|300505|20160530|0
0|300505|20160530|0
0|002716|20160304|0
0|000779|20160104|0
0|002079|20160622|0
0|002280|20160329|0
0|300023|20160322|0
1|600459|20160707|26774506.73
0|002240|20160316|0
0|002716|20160616|0
0|002092|20160325|44095928.03
0|002155|20160421|10592129.1
1|600466|20160301|0
0|300073|20160429|0
0|000732|20160304|11633837.99
0|002273|20160601|25703559.26
0|000712|20160222|9169246.04
0|300340|20160518|0
1|601899|20160616|0
1|600547|20160112|56155196.73
0|002181|20160322|0
1|600428|20160308|8684300.84
0|000779|20160505|0
0|300183|20160608|45827244
0|300477|20160603|0
1|600399|20160705|0
0|002782|20160129|0
1|600848|20160725|15060747.05
0|002148|20160627|0
0|000039|20160304|0
0|300352|20160321|21774254.76
0|002688|20160415|34588337.16
0|300141|20160413|0
0|002369|20160623|0
1|600110|20160614|0
1|601699|20160112|14319616.64
0|300316|20160620|24239612.58
0|002716|20160303|0
0|002408|20160226|37858
0|300215|20160108|21729092.87
0|000628|20160421|0
0|300355|20160706|0
1|603398|20160111|8789488
0|300100|20160512|0
0|300100|20160512|0
0|002343|20160114|21444893
1|600360|20160620|13809331.25
0|002625|20160415|0
0|000937|20160229|0
0|000626|20160222|23610340
0|000426|20160711|0
0|000055|20160607|7116457.56
0|300226|20160713|0
0|300350|20160427|0
1|603869|20160215|0
0|002785|20160303|0
0|002785|20160303|0
1|600433|20160520|0
0|300373|20160601|65162706.91
0|002103|20160226|0
0|000099|20160325|0
0|000603|20160701|0
1|600067|20160615|57557843.12
0|002418|20160616|0
0|000972|20160217|0
0|300177|20160708|0
1|600663|20160113|0
1|600074|20160202|0
0|000597|20160105|0
0|002123|20160603|47984831.52
0|002597|20160128|0
0|300505|20160415|0
1|600105|20160721|42270875.46
0|000911|20160511|18809266.92
0|300521|20160729|0
0|000959|20160126|0
0|000831|20160411|0
0|000876|20160511|38259338.8
0|002112|20160630|0
0|000018|20160623|0
0|000628|20160624|13480000
0|002075|20160222|0
0|000915|20160715|10799122.76
0|002766|20160707|0
0|002766|20160707|0
0|002468|20160105|0
0|002326|20160620|0
0|002567|20160511|15038729.44
0|300350|20160509|0
0|000060|20160413|72930981.43
0|000807|20160704|35467837
0|000418|20160104|17530560.88
0|002355|20160125|61189880.73
0|300142|20160308|0
0|002425|20160302|42034941.2
1|600880|20160218|9996760
0|300141|20160408|4000575.32
1|600236|20160512|32116476.88
1|600146|20160324|16386967.64
1|600146|20160324|16386967.64
0|300503|20160530|0
0|300503|20160530|0
0|002444|20160418|14032500
0|300499|20160428|0
0|300499|20160428|0
1|600075|20160728|4702145
0|000626|20160323|20966971
0|000975|20160411|8138926.32
0|300034|20160614|32958454.27
1|603999|20160112|0
0|002425|20160308|3741284
0|002425|20160308|3741284
0|000779|20160114|11238807
0|300122|20160718|33931740
0|300395|20160511|3455418
0|000158|20160427|5462425.6
0|300409|20160701|45645374.98
0|300100|20160104|0
0|000851|20160729|0
1|601618|20160217|0
0|000807|20160105|45314301.56
0|002055|20160419|27143668.84
0|300476|20160530|0
0|002626|20160121|24143523.05
1|603398|20160104|0
0|000536|20160527|0
0|002639|20160708|0
1|600531|20160127|0
0|300250|20160125|0
0|000952|20160121|16400491.68
1|603398|20160105|0
0|002114|20160329|0
0|000881|20160112|0
1|600626|20160727|0
1|600303|20160108|61299221.73
0|300474|20160523|0
1|600602|20160218|32877238.76
0|002766|20160722|86161952
0|000939|20160630|13218962.05
0|000596|20160328|60363791.67
0|000861|20160218|46466345.9
0|002180|20160510|83530002.55
0|002761|20160407|0
1|600094|20160426|18696773.72
0|002751|20160321|0
0|000833|20160512|0
0|300221|20160701|20116134.24
0|000639|20160510|0
0|300331|20160623|0
0|000779|20160112|0
0|300067|20160307|0
0|300420|20160421|0
0|000908|20160624|0
1|601238|20160708|0
1|600392|20160420|0
0|002631|20160602|49614104.96
0|300136|20160226|7149385.08
0|300061|20160105|41993084.76
0|002588|20160713|140101121.36
0|000531|20160608|7336956
0|000911|20160628|0
1|603377|20160304|0
0|002730|20160104|0
0|002555|20160218|0
0|300081|20160331|47744158.42
0|000983|20160229|45533024.31
0|000700|20160118|12607472
0|002548|20160510|6005640.2
0|300261|20160111|8549661.12
0|300496|20160111|0
0|002684|20160607|0
1|600303|20160317|4520963
0|000034|20160720|0
0|000831|20160222|19574414
0|002427|20160425|0
0|000911|20160613|22436014.18
0|002797|20160629|0
0|300512|20160620|0
0|000890|20160108|0
0|300503|20160603|10988376.06
0|300004|20160512|0
0|300491|20160407|15042906
0|300491|20160407|15042906
0|300140|20160621|0
0|000911|20160418|10000778.29
0|002802|20160728|0
0|000657|20160329|0
0|002108|20160523|0
0|300484|20160420|0
0|002097|20160429|13022501.23
0|002157|20160715|331261896.08
0|002512|20160310|48478437.53
0|002189|20160527|13035641.19
1|600395|20160114|41429573.22
0|002120|20160728|51027781.58
0|002120|20160728|51027781.58
0|002120|20160728|51027781.58
0|000792|20160622|0
1|600423|20160314|0
0|002617|20160118|0
0|000156|20160324|0
0|002131|20160523|23074294.3
0|300409|20160215|0
0|002355|20160107|0
0|002717|20160118|39517632.81
0|000998|20160201|68796074
0|002780|20160113|0
0|002209|20160607|0
1|600232|20160516|0
0|002112|20160620|28056381.52
0|002057|20160520|21281050
0|300092|20160705|0
0|002740|20160406|0
0|002740|20160406|0
0|300493|20160509|0
0|002530|20160201|22600498.44
0|002643|20160426|7490048.24
0|300285|20160516|52779181.03
0|000919|20160707|36786090.33
0|300386|20160525|0
0|002436|20160219|0
0|300515|20160725|0
0|300515|20160725|0
0|300114|20160613|0
0|002055|20160225|11065984.96
0|000625|20160712|69559957.92
0|002151|20160608|9751986.76
1|603377|20160318|9548990.8
0|002780|20160119|0
0|000023|20160421|0
0|000023|20160421|0
0|300419|20160407|28804530
0|002545|20160624|0
0|300263|20160414|24955478.12
0|000976|20160412|3075732.11
1|601866|20160129|0
1|600664|20160114|0
0|002779|20160106|0
0|002779|20160106|0
0|002779|20160106|0
0|300458|20160620|0
0|000728|20160712|0
0|300476|20160517|0
0|002200|20160104|2358666.78
0|000421|20160425|18112226.11
1|600155|20160127|0
0|000938|20160125|11490000
0|002761|20160411|13209517.3
0|300219|20160412|8438843.25
0|000705|20160622|0
0|300236|20160415|0
0|002787|20160606|0
0|002740|20160407|36211540
1|601908|20160122|0
0|000838|20160323|0
0|000838|20160323|0
0|300481|20160512|11783596.91
0|000703|20160229|17266857.05
0|300073|20160512|50637475.85
0|000021|20160627|0
0|000911|20160125|0
0|000655|20160229|16336316.51
0|002245|20160614|31366020.53
1|600869|20160519|0
0|300148|20160113|0
0|300198|20160620|0
1|603398|20160115|0
0|002114|20160219|0
0|000034|20160421|0
1|603936|20160620|0
0|002795|20160713|0
0|000722|20160307|16530301.9
0|000531|20160607|0
1|600734|20160121|0
0|300083|20160129|0
1|601518|20160606|0
0|300116|20160624|0
0|002780|20160125|8897713
0|002582|20160427|35690054.13
1|601313|20160607|10703553.21
0|000980|20160421|0
0|000980|20160421|0
0|002761|20160408|0
0|000034|20160713|40631424.9
0|300153|20160606|22130881.4
0|002453|20160302|29220000
0|002639|20160621|26473233
0|300348|20160602|0
0|002602|20160224|0
0|002537|20160525|37506938
0|002712|20160308|22187458.81
0|000892|20160308|0
0|300456|20160115|0
0|300036|20160622|14241740.06
1|600378|20160628|0
0|002341|20160407|17336219.56
0|002780|20160120|0
0|300160|20160105|0
0|002462|20160111|57888106.2
0|002108|20160512|0
0|002313|20160215|12977718.3
0|002730|20160106|0
0|300081|20160721|0
0|300327|20160504|7469312
0|002019|20160106|0
1|600860|20160721|0
0|002340|20160516|14442982
0|300226|20160704|0
0|300222|20160224|72686080.89
0|000909|20160408|0
0|000933|20160112|0
0|000933|20160112|0
0|002407|20160328|0
0|300008|20160308|18964764.12
0|000070|20160617|0
0|300067|20160304|0
0|000709|20160106|0
0|000613|20160620|0
0|300340|20160614|16499696.21
0|300261|20160128|1990149
0|000673|20160118|4431961
0|000034|20160419|26054683.48
0|002716|20160307|0
0|002716|20160307|0
0|300491|20160316|0
1|600995|20160512|8427683.39
0|002761|20160413|8681769.31
0|300285|20160215|4866029.1
0|000795|20160526|0
0|000795|20160526|0
1|603993|20160601|0
0|300340|20160622|0
0|300340|20160622|0
0|300401|20160127|0
0|000615|20160707|0
0|002795|20160524|0
1|600303|20160308|0
0|000426|20160705|28230000
1|603366|20160405|5330176
0|000629|20160106|0
0|002103|20160624|38393310.82
0|002617|20160112|0
0|000547|20160104|24017612.84
0|000567|20160704|29992994.75
0|000807|20160225|63068314.03
1|601718|20160223|0
0|002656|20160420|7472233.05
0|000813|20160726|0
0|002780|20160122|10720894.96
0|002780|20160122|10720894.96
0|300274|20160203|54777025.32
0|002180|20160715|0
0|000905|20160406|7586824.5
0|002077|20160118|0
1|600231|20160301|0
1|600711|20160616|0
0|000910|20160121|9662879.43
1|600576|20160215|10797472.65
0|002336|20160126|0
0|300493|20160510|0
0|000969|20160419|21783403.27
0|000957|20160707|43409539.98
0|000957|20160707|43409539.98
0|300113|20160310|110893481.35
1|603300|20160108|0
0|300491|20160614|0
0|000020|20160224|0
1|603299|20160224|0
1|603299|20160224|0
0|000534|20160329|9576718.58
0|300078|20160308|15356863.18
0|300506|20160713|0
0|002597|20160229|17684082.47
1|603398|20160119|0
0|300302|20160106|30772500.51
0|002716|20160308|0
0|300508|20160531|0
0|300468|20160602|0
0|300468|20160602|0
0|002371|20160616|48582594.18
0|000629|20160301|0
1|600812|20160321|13945392
1|600533|20160229|0
0|300219|20160527|17170215.05
0|300499|20160425|0
1|600639|20160509|0
0|002788|20160411|0
0|002788|20160411|0
0|000851|20160331|14200006
1|600801|20160226|0
0|000628|20160108|0
0|300097|20160614|0
0|300481|20160429|46949624.38
0|300481|20160429|46949624.38
1|600006|20160613|22186466.33
0|002502|20160114|0
0|300215|20160129|0
0|300068|20160614|0
0|000960|20160413|0
0|300188|20160114|0
0|000561|20160108|24589941.2
0|300458|20160118|24816865.53
0|300456|20160118|0
0|002795|20160523|0
0|300491|20160301|0
0|000403|20160128|5388856
0|002800|20160704|0
0|000761|20160113|0
0|002334|20160407|0
0|002676|20160530|0
1|600777|20160711|22115368.5
1|600777|20160711|22115368.5
0|002189|20160125|9003600
0|300033|20160111|0
1|600546|20160107|0
0|300160|20160217|0
0|000703|20160413|42013046.69
0|300007|20160112|8250521.3
1|603377|20160301|10759999.06
0|300490|20160128|0
0|300490|20160128|0
0|002628|20160111|0
1|603028|20160428|0
0|002780|20160118|0
0|000606|20160204|0
0|002380|20160215|0
0|002326|20160519|0
0|300340|20160624|0
1|600157|20160418|0
0|002097|20160325|6960000
0|002777|20160329|0
0|300313|20160414|0
0|300078|20160106|69403235.79
0|002788|20160408|0
0|002788|20160408|0
0|300481|20160530|0
0|000727|20160711|0
0|300176|20160407|0
0|300047|20160105|53498182.96
0|002596|20160518|0
0|000913|20160415|0
0|300481|20160420|0
0|002114|20160704|0
0|300307|20160517|0
0|300310|20160129|23077836.74
0|300365|20160325|17185710
0|002547|20160406|10284073
0|002793|20160531|0
0|300516|20160705|0
0|000795|20160601|0
0|002229|20160222|72963523.38
0|002200|20160105|3587550.04
0|002371|20160530|18048314.41
1|600630|20160113|0
1|600467|20160706|0
0|002341|20160215|7028077
0|300113|20160413|0
0|000502|20160105|0
0|002229|20160311|0
1|600319|20160219|0
1|601069|20160308|36503917.01
0|002427|20160426|0
0|300114|20160104|16809462.38
0|002574|20160127|0
0|300085|20160323|55332240.2
1|601113|20160321|0
0|300230|20160111|27058787.75
0|002452|20160108|0
1|601069|20160728|0
0|000820|20160316|0
0|002524|20160316|0
1|600770|20160504|0
1|600119|20160722|0
0|002622|20160113|0
0|002298|20160419|0
0|300508|20160617|0
0|000009|20160405|21999529
0|002798|20160629|0
0|000707|20160229|3644286.81
0|300499|20160419|0
1|603798|20160606|0
0|300506|20160708|0
0|002676|20160105|0
1|600882|20160512|0
0|000779|20160603|0
0|300014|20160606|0
0|002795|20160621|0
0|002089|20160719|0
1|603398|20160204|0
0|000933|20160201|15297065
0|300496|20160112|0
0|300496|20160112|0
0|300345|20160719|30829375.69
0|300379|20160411|0
1|603701|20160624|0
0|300494|20160202|0
0|002438|20160112|1525026.17
0|300340|20160613|0
0|002260|20160328|28901760.46
1|600386|20160317|0
0|000908|20160621|0
0|300465|20160630|0
0|000796|20160624|0
1|600589|20160627|0
1|600455|20160224|0
0|002655|20160606|45252426.99
0|002795|20160629|0
0|002795|20160629|0
0|000881|20160429|0
0|300244|20160411|0
0|002642|20160411|0
1|600449|20160125|0
0|300058|20160301|16338225.84
0|002110|20160713|0
1|603936|20160120|0
0|002615|20160115|17569718.06
0|002802|20160722|6037925.68
0|002802|20160722|6037925.68
0|002020|20160120|63177091.53
0|000793|20160405|27917564.85
1|600898|20160125|0
0|002779|20160104|0
0|002779|20160104|0
0|300484|20160628|0
0|000820|20160621|0
0|300160|20160523|0
0|002504|20160222|0
0|000973|20160602|0
0|002609|20160315|7100124
0|002370|20160418|2474400
1|603828|20160411|0
0|300078|20160112|51483531.3
0|002776|20160401|0
0|300381|20160425|2760962.56
0|002777|20160205|0
0|300503|20160708|0
0|002114|20160322|0
0|002114|20160322|0
0|000567|20160407|14896100.44
0|002582|20160229|0
0|300128|20160510|0
0|000533|20160405|0
1|600335|20160331|0
0|300499|20160418|0
0|300499|20160418|0
1|603806|20160621|9137682.4
0|000048|20160121|0
0|000048|20160121|0
0|000011|20160302|0
0|002189|20160127|0
0|002189|20160127|0
0|002797|20160615|0
0|000799|20160503|0
0|002280|20160323|0
0|300510|20160712|0
0|300340|20160511|10958112.22
0|300511|20160526|0
0|002615|20160108|0
0|002782|20160317|0
0|300480|20160323|0
0|300139|20160226|0
0|002208|20160519|0
0|002654|20160506|44995
0|300433|20160425|0
0|300329|20160309|0
0|002533|20160606|0
0|000045|20160310|0
1|600734|20160118|0
1|600734|20160118|0
0|000526|20160328|0
1|600815|20160411|0
0|000693|20160205|0
1|600378|20160708|0
0|002164|20160630|0
0|002234|20160510|17443338.2
0|002519|20160506|17814498.9
1|601313|20160608|30670821.27
0|002355|20160120|12806491.04
1|601388|20160720|0
0|002149|20160524|0
0|300484|20160607|0
0|000043|20160624|0
1|600462|20160202|0
0|000890|20160112|22280657.17
1|601020|20160420|0
0|300376|20160217|0
0|300346|20160707|0
0|300340|20160607|0
0|300083|20160608|0
0|000626|20160226|0
0|000626|20160226|0
1|603299|20160401|0
0|002709|20160520|0
0|002709|20160520|0
0|300215|20160201|4183266.77
1|603703|20160524|0
0|000850|20160617|0
0|000426|20160607|1768133.93
0|002615|20160113|6244172.5
0|300456|20160622|18602758.3
0|300312|20160311|0
0|300513|20160701|0
0|000890|20160513|0
0|002371|20160620|47096958.92
0|000727|20160204|0
0|300354|20160708|0
0|000573|20160112|7405886.8
0|002766|20160708|0
0|002313|20160122|0
0|300501|20160714|0
0|300501|20160714|0
1|603398|20160108|0
1|601155|20160701|0
1|600808|20160108|0
1|603028|20160503|0
0|002757|20160707|0
0|002622|20160713|0
0|300467|20160120|0
0|000833|20160420|0
0|000833|20160420|0
0|300077|20160113|0
0|000693|20160215|0
0|000693|20160215|0
0|300351|20160511|3924653.26
0|000049|20160407|8993061.59
0|002654|20160301|0
0|002654|20160301|0
0|000589|20160426|16023208
0|300418|20160307|38933779.9
0|002795|20160627|0
0|002795|20160712|0
0|000756|20160328|0
0|300400|20160707|0
0|300442|20160707|0
0|002777|20160202|0
0|300516|20160701|0
0|002077|20160329|0
0|000593|20160422|9416000
0|002734|20160108|0
0|300329|20160310|350205
0|300329|20160203|4646876
0|002779|20160129|0
0|300348|20160624|0
0|300301|20160105|0
0|300513|20160706|0
0|300440|20160324|0
1|600179|20160215|1869657
1|600179|20160215|1869657
0|300407|20160614|0
0|300033|20160106|0
0|300476|20160511|0
1|600787|20160224|0
0|002629|20160429|0
0|002793|20160527|0
0|002793|20160526|0
0|002793|20160526|0
1|603936|20160104|0
1|603936|20160104|0
0|002388|20160304|0
1|601777|20160615|0
0|002768|20160422|0
0|300191|20160201|0
0|002801|20160719|0
0|002801|20160719|0
0|002777|20160330|0
0|002618|20160726|7891000
0|002045|20160607|160333315.38
1|600666|20160719|0
0|002618|20160617|0
1|603528|20160630|0
1|603598|20160421|0
1|603398|20160608|0
0|300380|20160226|0
0|002431|20160217|0
0|300481|20160616|6673200
0|000925|20160607|0
0|300484|20160706|0
0|000921|20160725|4999991.04
1|600682|20160202|39766632.92
0|002775|20160714|0
0|002176|20160115|0
0|000662|20160303|0
0|300455|20160719|0
0|300459|20160325|0
0|300410|20160603|0
0|002801|20160721|0
0|002801|20160721|0
1|603701|20160628|0
1|600546|20160114|15431621.24
0|300510|20160530|0
0|002174|20160406|21849760.25
0|001696|20160325|0
0|002574|20160201|11699510.56
0|002076|20160726|34971722.29
1|600136|20160512|8911163.98
1|600136|20160512|8911163.98
0|000998|20160426|68301744.62
0|300501|20160712|0
0|002748|20160711|0
1|603866|20160204|0
0|300456|20160526|0
0|000812|20160331|0
1|603861|20160704|0
0|002782|20160125|0
0|000702|20160425|0
0|002281|20160331|21221215.4
0|002781|20160125|0
0|000058|20160225|0
0|002114|20160401|0
0|300494|20160314|0
0|000561|20160105|0
0|300404|20160418|0
0|300196|20160707|6336732
0|002507|20160615|26976900.49
1|603798|20160602|0
1|600097|20160202|0
0|300032|20160222|0
0|300083|20160530|0
0|300368|20160523|0
1|601965|20160318|0
0|300116|20160607|0
0|300507|20160517|0
1|600584|20160511|16393176
0|300466|20160111|0
0|300466|20160111|0
0|300498|20160108|28696414.72
0|300491|20160406|11265522.8
0|000909|20160624|0
0|300008|20160202|56605271.94
0|300023|20160407|0
0|002380|20160425|0
0|002554|20160517|0
0|002800|20160714|0
0|300236|20160309|0
0|000897|20160111|0
0|000897|20160111|0
0|300481|20160516|11576095.65
0|300481|20160516|11576095.65
1|603029|20160714|0
0|002504|20160622|0
0|002782|20160119|0
0|002249|20160728|0
0|000019|20160727|0
0|300501|20160701|0
0|000973|20160603|0
0|002114|20160330|0
0|300459|20160304|0
1|600565|20160108|0
1|600432|20160223|0
0|002639|20160627|17912682.96
0|300307|20160603|0
0|000504|20160129|0
0|002741|20160301|0
0|002741|20160301|0
0|300148|20160204|0
0|002355|20160426|7650731.31
0|300509|20160629|0
0|000716|20160113|11524747.52
0|300089|20160706|7131648.5
0|000851|20160216|0
1|601600|20160202|0
0|300141|20160426|0
0|300420|20160712|0
0|000029|20160128|5087398.5
0|000925|20160517|43119285.45
0|002778|20160318|0
0|300491|20160408|0
0|300491|20160408|0
1|600136|20160129|50161935.13
0|002395|20160526|0
0|000950|20160316|0
0|002793|20160629|0
0|300503|20160629|0
0|300503|20160629|0
0|300376|20160322|0
0|300285|20160301|38167891.47
1|603029|20160705|0
0|300503|20160527|0
0|300437|20160426|0
0|300413|20160311|0
0|300505|20160629|0
0|002795|20160715|0
0|300494|20160412|11258612.95
0|300493|20160120|0
0|000498|20160504|0
0|000032|20160126|0
0|000760|20160105|28664285.11
0|000601|20160203|0
0|002793|20160715|0
0|300404|20160420|0
0|002751|20160115|0
0|300264|20160114|0
0|300508|20160519|0
0|000932|20160125|62814690.96
0|300515|20160712|0
0|300515|20160712|0
0|300515|20160714|0
1|600231|20160118|0
1|600231|20160118|0
0|300481|20160617|0
0|000153|20160422|0
1|600520|20160316|0
1|600639|20160530|57791345
0|300491|20160613|0
0|300222|20160108|0
1|603123|20160315|0
0|300510|20160629|0
1|600336|20160307|5971314
0|002782|20160419|0
1|600785|20160414|0
0|000018|20160307|0
0|300092|20160615|0
0|000761|20160203|0
0|000795|20160105|0
0|300098|20160112|34372157.3
0|002786|20160511|0
0|300040|20160426|24938161.6
0|300311|20160420|6331080
0|002786|20160627|0
0|000019|20160205|0
0|300491|20160318|0
0|300334|20160111|4456467
0|002777|20160201|0
0|300486|20160525|0
0|300386|20160418|0
0|000981|20160523|0
1|603737|20160701|0
0|300097|20160429|24586618.12
0|002751|20160113|0
0|002123|20160630|53443424.25
1|601900|20160314|0
1|601015|20160608|0
0|002800|20160713|0
0|002434|20160510|9295004.57
0|002796|20160714|0
0|000678|20160203|7618507.24
0|002009|20160108|21000020
0|300386|20160621|0
0|300410|20160722|3656380.85
0|002077|20160615|4878114.84
1|600084|20160722|0
1|603377|20160302|0
0|002782|20160520|0
0|002782|20160520|0
0|002119|20160129|0
0|300493|20160113|0
1|600677|20160115|0
0|300261|20160127|0
0|002782|20160511|0
0|300404|20160421|0
0|002150|20160120|0
1|600639|20160729|0
1|601100|20160114|0
0|002696|20160713|0
0|300444|20160620|38679116.78
0|300474|20160504|0
1|600354|20160614|0
0|300365|20160614|7303953
0|300509|20160715|0
0|002777|20160412|0
0|300439|20160504|0
1|601678|20160615|0
0|300462|20160104|0
0|300096|20160517|0
0|300076|20160711|2627284
0|002459|20160725|0
0|002799|20160715|0
0|002076|20160510|4928932
0|002528|20160519|0
1|600476|20160126|11177656.56
0|002346|20160205|0
0|300501|20160720|0
0|300465|20160104|36217939.69
0|300383|20160114|0
0|000707|20160201|0
0|300492|20160204|0
1|600546|20160106|0
0|300058|20160118|14283553.2
1|601918|20160226|0
0|002741|20160309|0
0|000863|20160201|8167501
0|002615|20160314|14435399.23
0|002114|20160307|0
0|002387|20160401|0
0|000958|20160503|12240002
0|002723|20160614|0
0|002601|20160310|7804276.66
0|300500|20160302|0
0|000533|20160630|0
0|300459|20160229|0
0|300459|20160229|0
0|300459|20160229|0
0|002053|20160315|19987282.64
0|300400|20160315|0
1|600491|20160204|2821986
0|300241|20160108|0
1|603701|20160620|0
0|000785|20160129|0
0|002730|20160108|17005627.18
0|002127|20160108|51278503.56
1|600202|20160215|0
0|000710|20160429|0
0|002183|20160307|18052509
0|300503|20160615|0
0|300040|20160512|0
0|300465|20160311|4274499.69
0|000702|20160516|0
0|300494|20160125|0
0|002567|20160226|0
0|002615|20160308|0
0|002533|20160608|43215197.1
0|002632|20160308|0
1|603868|20160505|0
0|002634|20160118|4845729.16
1|603029|20160602|0
0|300507|20160628|0
1|603866|20160324|0
1|600371|20160205|0
1|600421|20160111|0
0|300497|20160125|0
0|300522|20160722|0
1|603029|20160523|0
0|002550|20160427|3542024
0|002793|20160614|0
1|600297|20160614|0
0|000609|20160607|0
0|300510|20160701|0
0|002782|20160412|0
0|002782|20160412|0
0|000663|20160406|0
1|600367|20160513|0
0|300501|20160426|0
1|601020|20160421|0
0|002798|20160630|0
0|002798|20160630|0
0|002786|20160406|0
0|300495|20160129|3965197.5
0|002743|20160215|4954235.19
0|002799|20160708|0
0|002798|20160624|0
0|000797|20160127|0
0|002796|20160627|0
0|300499|20160429|0
0|002006|20160422|15032330
0|000797|20160205|5830960.49
1|600146|20160122|0
0|300490|20160205|0
0|300491|20160205|0
0|002092|20160301|58386076.1
0|002180|20160512|24592205.7
0|000608|20160718|0
0|300469|20160309|0
0|000576|20160113|0
0|002537|20160224|21384000
1|603696|20160107|0
1|601058|20160509|0
0|002779|20160202|0
0|000505|20160414|0
0|002778|20160317|0
0|300263|20160419|22664232.31
0|300189|20160512|3564000
0|002789|20160510|0
0|300425|20160428|5700309.36
0|002114|20160304|12582319
0|000733|20160112|12852648.2
1|600331|20160204|0
0|300058|20160321|76305048.77
0|300479|20160204|3578775.64
0|000980|20160614|10873287
0|300311|20160425|7463423
0|000050|20160331|13543539
0|000795|20160527|19391256.45
0|300148|20160108|31333468.8
0|002571|20160314|0
0|002667|20160121|52461368.44
0|002269|20160202|2217131.66
0|002787|20160204|0
0|300365|20160202|0
0|300365|20160202|0
0|002782|20160316|0
0|300209|20160308|0
0|300420|20160715|6443963.24
1|601137|20160301|0
0|002258|20160408|0
0|002018|20160418|4794796.5
0|300346|20160624|56034729.93
0|300500|20160311|0
0|002582|20160510|19962644.36
0|000586|20160622|0
0|002729|20160118|3363621.01
0|300042|20160316|0
1|603909|20160729|0
0|300392|20160422|0
0|002716|20160704|61665702
0|300249|20160113|0
0|002788|20160225|0
0|300160|20160301|0
0|002371|20160519|3314904
0|300503|20160608|17003525.92
0|300503|20160608|17003525.92
0|300505|20160601|0
0|000505|20160201|1743799.42
0|000785|20160201|0
0|002719|20160331|9214303.99
0|002719|20160331|9214303.99
0|300209|20160108|0
0|300359|20160520|39199143.3
0|002452|20160121|25114234.34
0|002779|20160112|3338936
0|300521|20160722|0
0|300213|20160112|33640506.3
0|300501|20160225|0
0|002256|20160315|0
0|000798|20160322|0
0|000709|20160108|143299658.11
1|603021|20160408|0
0|000985|20160229|0
1|600883|20160316|0
1|603520|20160329|0
1|600232|20160314|1485160
0|300491|20160401|11441911.62
0|002034|20160105|15747542.94
0|002795|20160517|0
0|002313|20160201|4661920
0|000534|20160518|9970852
1|600122|20160615|0
0|002695|20160509|0
0|002523|20160513|0
0|000676|20160105|0
0|000803|20160125|0
0|000710|20160215|1637438
1|600153|20160614|0
0|300465|20160704|14212828.19
0|300045|20160516|0
0|002612|20160622|11605139.26
1|603026|20160315|0
0|000681|20160126|28398696.82
1|600122|20160614|0
1|600060|20160617|42787955.63
0|002473|20160620|0
0|300028|20160401|0
0|000851|20160725|123955095.1
0|000990|20160526|6692931.92
0|000953|20160408|0
1|600873|20160526|0
1|600656|20160428|0
0|000732|20160229|26946291.41
0|300516|20160613|0
0|002473|20160215|0
0|300511|20160512|282153.3
0|002522|20160412|59935393.31
0|002501|20160112|16123093.49
0|002805|20160722|0
0|000666|20160127|13232760.64
1|601199|20160721|15971004.03
0|002320|20160108|0
0|002027|20160304|7229499.5
1|601069|20160307|32108536.28
0|002521|20160512|2665256.5
1|600978|20160125|0
0|002624|20160127|42362611.88
0|002624|20160127|42362611.88
0|300336|20160401|0
0|002013|20160704|21016393.92
0|000953|20160712|0
0|000605|20160118|0
0|002787|20160425|1716100
1|600978|20160122|0
0|300437|20160422|0
0|300261|20160126|18483862.9
0|000430|20160114|0
1|603009|20160624|11445535
0|300223|20160601|23569293.34
0|002075|20160125|0
0|300011|20160122|0
0|300088|20160301|0
1|600658|20160125|4275496
0|300511|20160510|0
0|300512|20160530|0
0|300238|20160329|0
0|002049|20160311|0
0|000066|20160310|0
0|000748|20160310|0
0|300506|20160324|11124
0|000710|20160301|4098638.15
0|002049|20160314|2197723
0|002796|20160510|0
0|002803|20160712|0
0|000599|20160120|11948394
0|300368|20160106|16617178.11
0|300525|20160729|0
0|300503|20160310|0
1|603069|20160714|6660
0|300503|20160309|10008
0|300515|20160608|10032.42
1|603028|20160407|10432.11
0|300510|20160510|10715
0|300520|20160708|13023
0|000972|20160120|14292
0|002803|20160727|16833.74
1|603131|20160607|18351.39
0|002790|20160309|18389
0|002791|20160329|18915.54
1|603016|20160701|19592.46
1|603909|20160701|22140.9
0|300518|20160624|23488
0|002805|20160725|23598
1|603069|20160715|24834.04
0|002792|20160329|24849.72
1|603029|20160503|27716.34
0|300508|20160419|28052.4
1|603339|20160530|28590
0|002803|20160728|33552
0|300517|20160726|33691.8
1|603069|20160726|34296
0|300520|20160722|34752.78
0|002805|20160729|37266.98
1|603959|20160519|37836
1|603868|20160422|38020
1|603909|20160711|39187.08
1|603131|20160621|39329.82
1|603868|20160419|39469.92
0|300508|20160425|41069.8
1|603028|20160414|41963
0|300474|20160331|44032.88
1|603737|20160613|44613.74
1|603029|20160510|44624.44
1|603016|20160705|44858.8
0|002790|20160308|45372
1|603958|20160705|46189.52
1|603798|20160412|48049.8
0|300510|20160518|48512.88
0|300506|20160329|49873.8
0|002795|20160506|49938
1|603028|20160415|52679.28
0|300520|20160729|55976.7
0|002803|20160722|59187.03
0|300505|20160325|59932.38
1|603101|20160511|60214.7
0|002795|20160510|60421.5
0|300511|20160506|60826.8
1|601966|20160708|61074
1|601611|20160613|61272
0|002805|20160728|65837.43
0|300505|20160328|65933.19
1|600771|20160310|20069427
1|603861|20160329|79943.76
1|601020|20160324|80186.64
1|601611|20160617|85126.72
1|601966|20160713|85783.39
0|300492|20160111|87276
1|603779|20160527|87380.68
1|603861|20160322|91616.4
1|603028|20160408|91879.83
0|002795|20160509|98866.8
0|000971|20160104|101605
0|300503|20160325|102960.39
0|300520|20160725|114675.84
0|002790|20160316|115110.4
1|603101|20160509|118813.56
0|300506|20160401|119102.76
0|002624|20160121|137376
1|603028|20160420|140235.42
1|900911|20160621|144798.98
1|603029|20160511|145874.72
0|300461|20160310|1004410
1|600490|20160303|160800
1|603377|20160205|163828.32
0|300474|20160420|167237.93
0|300518|20160718|192047.3
1|600890|20160412|193241
0|300508|20160509|193689.6
0|300518|20160719|211258.56
0|002792|20160408|218165.61
0|300516|20160621|219312.66
0|300474|20160425|222597.41
0|300497|20160111|228690
1|603528|20160518|234028.41
0|300518|20160711|237953.86
0|002786|20160111|242400
0|002780|20160104|244520.62
0|002785|20160115|265451.6
0|300474|20160427|269347.06
0|002797|20160511|288782
0|002780|20160107|291607.65
0|002785|20160113|306734.4
1|603528|20160517|329560.8
1|603528|20160525|358104.04
0|300372|20160722|362088
0|300474|20160422|363475
1|600777|20160415|74186004.72
0|300474|20160419|369286.96
1|603959|20160530|395837.44
0|002797|20160513|397293.66
1|603101|20160516|400837.5
0|002782|20160111|432867.84
0|300372|20160725|440436
1|603798|20160415|446442
0|002768|20160106|21954800.78
0|002788|20160229|454851.32
1|603737|20160621|468398.91
1|601127|20160701|484549.52
1|601020|20160328|485190.45
0|002213|20160513|490756
0|300491|20160412|22189080
0|300474|20160415|502523.1
0|300474|20160422|507192
1|603131|20160630|526451.1
1|900922|20160125|531988.5
0|300089|20160301|537936
1|600452|20160311|602064
0|300329|20160108|10774318.38
0|300492|20160113|647275.2
0|000929|20160422|685389
0|000929|20160422|685389
0|000678|20160114|27363488.82
0|002213|20160512|765194
0|300459|20160412|5433167.96
1|600168|20160407|878678.25
1|600497|20160711|895152
0|300365|20160201|12163749.56
1|601880|20160328|920168.08
0|000833|20160614|5942501.06
0|300106|20160205|1004800
0|000585|20160511|1005000
0|000882|20160411|9370000
0|002612|20160621|1138671.84
0|002634|20160105|3474806
1|603869|20160523|5993267
1|601969|20160308|1316592
0|000591|20160328|1328922
0|300461|20160126|1455030
0|002717|20160512|14611146.48
1|600782|20160413|92190247.7
0|000665|20160429|1544620
0|000810|20160129|17544239.18
0|300127|20160518|14279482.4
0|002515|20160727|1582500
1|603399|20160503|8024980.36
0|000679|20160602|1635678
0|002537|20160408|12503753.51
1|600208|20160129|1729416.15
0|300365|20160129|1732812.5
0|002288|20160127|1771261.34
1|600262|20160229|1797002
0|002667|20160607|1818000
0|002190|20160713|1818112
0|000018|20160129|6701859.02
0|002162|20160309|1894000
1|600841|20160112|1899224
0|300515|20160711|1910500.92
1|600874|20160113|5110554
0|300435|20160516|1960681.76
0|300301|20160426|5690354.7
0|000567|20160526|2008870
0|002631|20160408|2092800
0|000976|20160627|2106225
0|000007|20160715|2141000
0|300042|20160420|2190812
0|000411|20160715|10509809.36
0|000018|20160215|2224918.3
0|002738|20160316|2243813.94
0|002664|20160309|2284824
0|000965|20160630|2326799.8
0|300264|20160714|2363400
0|002213|20160516|19130000
0|002347|20160310|2426983.84
0|300322|20160624|26944213.35
1|600760|20160304|2544542.04
0|002782|20160405|2581527
1|600444|20160603|2588473.64
0|000985|20160602|2642297.62
0|002573|20160530|3030000
1|600806|20160308|2760796
0|000935|20160425|2764221
0|000928|20160407|2815380.2
0|000532|20160301|2841034.84
0|300510|20160520|2899926.26
0|300510|20160520|2899926.26
0|300510|20160520|2899926.26
0|300486|20160623|2945520
0|000780|20160617|2955654.67
0|000973|20160222|2980773.9
0|300209|20160304|3005582.48
0|002788|20160314|3006010
0|300380|20160222|9490166.52
0|000032|20160218|3035648
0|000022|20160708|3072244
1|603818|20160323|3080000
0|000678|20160411|3147991.73
0|002378|20160413|3168000
0|002785|20160707|3173912.5
0|300336|20160728|4492752
0|000616|20160523|3327610.91
1|601966|20160714|3284742.24
0|002383|20160317|3290592
0|002286|20160225|93806564.38
0|002286|20160225|93806564.38
0|002218|20160722|3333000
0|000798|20160125|3415414
0|300324|20160310|3417843
1|600225|20160427|3423750
0|002208|20160516|28382567
0|002108|20160427|149023842.36
0|002396|20160412|77272778.17
1|600584|20160714|126267759.55
0|000727|20160325|3510000
0|002576|20160503|3513683.04
0|300505|20160329|3539050.05
0|300505|20160329|3539050.05
0|300505|20160329|3539050.05
0|002015|20160415|3540400
1|600556|20160707|12295550.52
0|002696|20160711|3557922
1|600200|20160317|4743900
0|300367|20160301|86250669.14
1|603822|20160524|3635084.5
0|002110|20160616|3664619.5
0|002213|20160126|3665552.74
0|002361|20160229|3681190.95
0|002373|20160215|3684000
0|002189|20160301|12550397.56
0|002570|20160715|47568866.21
0|000717|20160615|3770000
0|300092|20160114|3844984
0|002085|20160317|18710664.61
0|300282|20160728|12584454
0|002768|20160314|3879237.16
0|300481|20160513|12178694
0|002599|20160518|14098150.31
1|603018|20160329|3935840
0|002077|20160311|7374747.81
0|002059|20160328|4018500
0|300095|20160518|42321890.28
0|300277|20160714|4136116.6
0|300521|20160728|4141833
0|300521|20160728|4141833
0|300021|20160304|4172101.95
1|600759|20160405|4183151.04
0|000803|20160620|4185257.8
0|300351|20160425|20950350.38
0|300509|20160511|4189269.35
0|300509|20160511|4189269.35
0|300128|20160121|12061000
0|300466|20160118|4245971.67
0|002348|20160201|4287078
0|300503|20160606|14015731.9
0|300462|20160106|8090011
0|300462|20160106|8090011
0|002780|20160719|4372000.2
0|000567|20160406|4421531.9
0|300054|20160314|13378351
0|000430|20160118|4456040.14
0|000056|20160624|4470386
0|000803|20160408|4470794
1|600250|20160518|4521784
0|300495|20160127|4567826
0|300495|20160127|4567826
0|002205|20160126|27409173.37
0|002789|20160322|4607427.07
0|002789|20160322|4607427.07
1|600121|20160420|4618804
1|600121|20160420|4618804
0|300491|20160121|4637997
0|300491|20160121|4637997
0|000796|20160510|4717104
0|300503|20160616|4730694.87
0|002528|20160308|4730699.76
0|002528|20160308|4730699.76
0|000639|20160509|75772813.08
0|002201|20160519|4820135
0|002186|20160711|4831690.8
0|300477|20160129|4844688.08
0|000012|20160219|4846314.49
0|300326|20160126|15517932.21
0|002741|20160205|4873186
0|002741|20160205|4873186
0|000029|20160420|4890154
0|000029|20160420|4890154
0|300022|20160426|4925473
0|300481|20160427|4934825.28
0|300464|20160111|4945920
0|300464|20160111|4945920
0|002110|20160310|4965133.4
0|000860|20160126|30245315.4
0|002759|20160215|5041343.69
0|300346|20160519|23004918
1|600071|20160311|5087271
1|600975|20160304|5180768.35
1|603029|20160524|5190189.07
0|300323|20160202|5226120.86
0|300445|20160412|5237790.46
0|300076|20160712|5248152
1|600190|20160509|5256169.44
0|002796|20160711|5300116.9
0|002796|20160711|5300116.9
0|002443|20160308|5312043.38
0|002802|20160729|5326081.2
1|600765|20160127|5341788.64
0|300507|20160711|5349384
0|000629|20160503|5405866
0|000733|20160503|5422465
1|603696|20160222|5449998.55
0|300081|20160711|5484000
0|300198|20160108|41032083.25
1|600231|20160324|5533002.8
0|000537|20160720|5550300
0|300466|20160114|5551498
0|300466|20160114|5551498
1|601231|20160523|5571621.2
0|300320|20160624|5581307
0|002786|20160119|5582022.6
0|002787|20160719|5585689.92
0|002785|20160301|5588769
0|300499|20160225|5599566
0|300499|20160225|5599566
0|300499|20160225|5599566
0|300503|20160607|11544325.24
0|300497|20160203|5634636
0|300497|20160203|5634636
1|600121|20160422|5647778.15
1|603398|20160309|5659176
0|002788|20160412|5665399.8
1|601177|20160201|5665984.6
1|600460|20160513|5670000
0|000007|20160718|5781000
1|603936|20160127|5797994
0|000038|20160622|5827698
0|300282|20160108|5838197.89
0|000957|20160412|5865000
0|300497|20160215|5896464
0|300497|20160215|5896464
0|002618|20160711|14555674.42
0|300140|20160126|5927463
0|002786|20160405|5933495.2
0|002088|20160229|5944400
1|603608|20160314|5980957.39
0|002751|20160217|5982862.47
0|300092|20160616|5992148.5
0|002768|20160426|5998600.8
0|002788|20160425|6000886.92
0|002778|20160405|6027646.5
0|300155|20160308|6092245.65
0|002780|20160121|6096351.89
0|002779|20160119|6112039.7
0|300491|20160223|6118349.6
0|000011|20160304|6132331.8
0|000011|20160304|6132331.8
1|603010|20160408|6135912
1|603016|20160722|6175075.26
1|600097|20160526|6195514.98
1|603101|20160518|6241824.44
0|002795|20160512|6244829.99
0|002795|20160512|6244829.99
0|300153|20160405|6308500
1|603909|20160722|6366109.89
1|603909|20160722|6366109.89
1|603909|20160722|6366109.89
1|601137|20160304|6378329.26
0|000721|20160725|6410726.52
0|000042|20160127|14721756.4
0|300512|20160613|6426650.82
0|002227|20160119|6473907.24
0|002122|20160309|6485911.74
0|300513|20160708|6487591.77
1|603901|20160309|6495151.32
1|603520|20160408|6505179.56
0|300500|20160226|6538715
0|300500|20160226|6538715
0|300500|20160226|6538715
1|600082|20160229|6549609.85
0|002491|20160127|6569619.84
0|300510|20160720|6586210.34
1|600848|20160707|6586980
1|600226|20160201|6587199.56
0|000533|20160325|6655012.73
0|000525|20160622|6675161
0|002451|20160126|6680181
0|300497|20160129|6688721
0|002793|20160505|6694682.82
0|002793|20160505|6694682.82
0|002793|20160505|6694682.82
1|603779|20160614|6747364.04
0|000519|20160112|13971375.9
0|000990|20160104|11953471.82
0|000990|20160104|11953471.82
0|002799|20160721|6770562.7
0|300028|20160330|6771080
0|300500|20160304|6774770.73
0|300500|20160304|6774770.73
0|000020|20160105|6812634.15
0|002782|20160406|6838945.93
0|002729|20160510|6858897
0|300515|20160729|6869276.7
0|300511|20160517|6913275.5
0|300511|20160517|6913275.5
0|002634|20160108|13829847.53
0|300031|20160129|6978286
1|600971|20160222|6990001
0|002753|20160711|7000996
0|300141|20160129|7051571
0|002514|20160607|7112662.12
0|300135|20160222|7156199
0|300320|20160127|7178736.2
0|002796|20160708|7196686.03
0|300048|20160225|27915885.1
0|300023|20160126|7269828.1
0|300508|20160525|7310227.8
0|002792|20160411|7382437.56
0|002792|20160411|7382437.56
0|002792|20160411|7382437.56
1|603737|20160705|7383051
0|000672|20160713|7402000
1|603300|20160122|32973144.08
0|300191|20160308|7412384.14
0|000892|20160722|7544089.32
0|002785|20160705|7622493.24
0|000638|20160725|7640325
0|002386|20160517|7644167.8
0|000526|20160512|7778562
0|300162|20160301|7797552
0|000748|20160311|7811125
0|300329|20160126|18636607.1
0|002014|20160113|7859221.04
1|600231|20160330|7872335.7
0|000038|20160630|7897545.92
0|002796|20160525|7922685.75
0|002796|20160525|7922685.75
1|600153|20160615|13145152
1|603919|20160511|7978076.66
0|300253|20160517|36209044.4
1|600468|20160104|8005787.81
1|600550|20160513|8063552
1|603029|20160713|8084495.75
0|000720|20160126|8150427
0|002691|20160726|8168829.5
0|002802|20160726|8216363.08
0|002001|20160121|55074446.9
0|300372|20160713|8376795
0|002707|20160315|8449024
0|002786|20160517|8503597.6
0|300211|20160118|8508817.3
0|000603|20160428|18841620.94
0|000779|20160115|61809459.82
0|000023|20160419|8615351.96
0|000890|20160126|33212003.28
0|000603|20160725|39304253.08
0|000796|20160511|9309300
0|300499|20160421|8716514.25
1|603800|20160106|8842459.75
0|002535|20160524|8892000
0|000980|20160415|8923824
0|000735|20160111|8927172
0|000034|20160418|8952716.32
0|000632|20160422|9010311
0|300073|20160225|64027986.97
0|000985|20160308|9073850.96
0|002788|20160324|9074095.6
0|002781|20160222|9089845
0|300222|20160520|9180419
0|002790|20160318|9194788.06
0|002790|20160318|9194788.06
0|002057|20160519|9208172.79
0|000751|20160301|9241155.54
0|300427|20160201|9268765.2
0|300451|20160331|9338739.48
0|002574|20160129|9359512.81
0|300329|20160119|9368736.55
0|002066|20160201|9381395.6
0|002664|20160614|58052375.99
0|000710|20160407|9408060
1|600552|20160602|9422028
0|002211|20160205|9481736
0|300194|20160105|9484780
0|300507|20160624|9524074.39
0|300168|20160517|9536934.76
0|300067|20160315|9562520
0|002654|20160325|9607383.55
0|300502|20160706|9620542.1
0|002245|20160114|9637093.64
0|300495|20160304|9648000
0|000967|20160630|20150073.3
0|002158|20160711|9688678
1|600360|20160426|19918221.2
0|000856|20160316|9712177.33
0|002791|20160407|9722305.58
0|002791|20160407|9722305.58
0|002791|20160407|9722305.58
0|300522|20160725|9733841
0|300522|20160725|9733841
0|002786|20160519|9739203.62
0|300127|20160420|9839223
0|000915|20160525|9845196.36
1|600083|20160418|9849134
1|600083|20160418|9849134
0|002616|20160729|9894274.04
0|002788|20160630|9908653.15
1|600975|20160621|9917827
0|000034|20160415|9925620
0|002596|20160201|39810423.29
0|300511|20160523|9967111.88
0|000099|20160429|9998751
0|000901|20160527|10001113.8
0|300491|20160630|10028328.2
0|300187|20160407|10050412.69
0|300169|20160621|10113873.5
0|000780|20160425|10140434
0|000909|20160127|10140881.34
0|002076|20160504|10171441
0|000628|20160105|14660848.9
0|002431|20160714|10191363
0|002679|20160122|10193080
0|300364|20160307|32195011
0|300507|20160621|10291235.52
0|000718|20160718|12681158.22
0|002323|20160516|10347848.76
1|600967|20160217|17776720.6
0|002798|20160705|10397313.29
0|000710|20160518|10410262.5
0|002782|20160517|10458392.82
0|002158|20160725|10478031.47
0|002299|20160308|91275647.24
0|002566|20160725|10528468.26
0|002537|20160627|10573252
0|000020|20160420|10581417
0|000668|20160620|10599418.56
1|603869|20160224|15054891.51
0|000810|20160301|20146152.14
0|300508|20160524|10715242.16
0|002782|20160224|10734083.81
0|300507|20160614|15541124.96
1|600687|20160127|10777909.04
0|000736|20160614|10794549.14
0|300226|20160108|10799390.18
0|300493|20160222|10821744
0|300469|20160315|10827826.3
0|300051|20160422|10861473
1|603029|20160706|10996640
0|000534|20160301|10997584.36
0|300457|20160225|11085281.78
0|000889|20160223|11130135.28
1|603866|20160111|11146201.33
0|300121|20160720|11157512.96
0|002408|20160309|11177042.15
0|300507|20160706|11178944.5
1|601020|20160706|11181698.5
1|600133|20160328|11187416.59
0|300510|20160704|11211993.5
0|000810|20160125|11237270
0|002782|20160120|11248813.24
0|002782|20160120|11248813.24
0|002782|20160120|11248813.24
0|002222|20160530|11281736.58
0|000514|20160229|11287412.14
1|600533|20160301|11377692
1|600302|20160414|11395397.9
0|000930|20160729|11414393.92
0|002777|20160215|11547515
1|600462|20160720|11586439
0|000795|20160201|11606337
0|300036|20160118|11619320
0|000514|20160226|11629956.67
0|000514|20160226|11629956.67
0|000936|20160408|11643133.89
0|300343|20160429|11686290.42
0|002788|20160301|11730008.64
0|002788|20160301|11730008.64
0|002788|20160301|11730008.64
0|002717|20160112|78981368.65
0|300257|20160613|11766936
0|300121|20160718|11791079
0|300121|20160718|11791079
0|300491|20160621|11805179
0|300491|20160621|11805179
0|300162|20160302|85172907.76
1|603636|20160712|26874768.09
0|000932|20160107|11934467.92
0|300503|20160705|22244918.6
0|300157|20160516|24133855.1
0|300493|20160118|18617625
0|300493|20160118|18617625
0|300497|20160205|12017152.11
0|000912|20160620|12032505.21
0|002703|20160120|12091954.5
0|000502|20160331|12145000
0|300508|20160616|12169140.71
0|002030|20160411|12187528.12
0|002786|20160520|12189260.65
0|002786|20160520|12189260.65
0|002209|20160614|12219618.96
0|002264|20160311|12461000
0|002684|20160429|12470923
0|300093|20160122|12496253.8
0|002047|20160223|12498876.91
0|000766|20160729|12530041.38
0|300496|20160408|12534453
0|000058|20160226|12552936.4
0|000058|20160226|12552936.4
1|600153|20160616|12620000
0|300400|20160524|12627000
1|601388|20160728|12688345.5
1|600682|20160718|12692154
1|600667|20160128|12710996.37
0|300463|20160608|12776571.31
0|002679|20160315|12815979
0|300493|20160721|12871463.15
0|300370|20160128|12887976.63
0|002751|20160112|12907876.8
1|600882|20160620|32343337.72
1|600584|20160627|92360415.22
0|002219|20160622|13017757.5
0|002634|20160201|13026352.24
0|000628|20160623|13033557.4
0|300220|20160606|13040910.38
0|300495|20160613|13132403.85
0|000886|20160121|13199307.22
0|300503|20160706|13251683.26
0|002281|20160721|23962665.04
1|600297|20160114|13270808.99
0|300501|20160725|13299314
0|002371|20160504|13300209.66
0|000779|20160412|18948628.74
0|000018|20160412|13458757.84
0|002387|20160405|19093673.56
0|002618|20160311|13559972
0|300495|20160309|13626873.14
0|300428|20160713|13681385.6
0|300343|20160503|13685404.64
0|002795|20160711|13733014.26
0|000065|20160315|13740000
0|002247|20160120|13813385.13
0|300211|20160329|17932733.88
0|300054|20160315|16039904
0|002145|20160205|14054020.1
0|002642|20160405|14097336.64
0|002738|20160725|14202501.68
0|002729|20160429|14223000
0|300336|20160331|18901738.8
0|300510|20160718|14361389.88
0|300381|20160511|25290516.74
1|600614|20160229|14410346.17
0|002686|20160718|14418432.7
0|300429|20160226|14436821.6
0|300281|20160108|14449033.37
0|002141|20160324|14464928.74
0|002795|20160705|14471757.14
0|002795|20160705|14471757.14
0|300294|20160127|44445545.2
1|600966|20160105|14533119.61
0|300433|20160408|14600933.26
0|000679|20160629|14634838.13
0|000982|20160503|14711685.1
1|601965|20160201|14719710
0|002343|20160301|103432879.85
0|000008|20160621|14828130
1|600117|20160226|14863781.28
0|300206|20160415|14939394.35
0|002421|20160309|14940000
0|000657|20160728|14957274.83
0|300194|20160106|14967996.26
0|000953|20160129|17681561.02
0|002291|20160122|14979664
0|000796|20160701|18740539.9
0|300377|20160622|15223846.06
0|300399|20160712|15255199.02
1|600225|20160127|15308826.12
0|002134|20160203|15443356.5
0|002280|20160401|15447024.91
0|000921|20160111|15448849.14
0|300456|20160125|44149976
0|002504|20160223|15484564.57
0|300474|20160429|15598624.03
0|300474|20160429|15598624.03
0|300513|20160707|15728114
0|002599|20160106|33104819.09
0|000881|20160715|20443589.13
0|002802|20160725|15766291.34
1|603299|20160405|15818235.29
0|300481|20160428|48815806.39
1|600980|20160225|15921590.63
0|300496|20160118|48523606
0|300496|20160118|48523606
0|300364|20160122|76382468.31
1|601900|20160229|15966253.33
0|002654|20160106|16014471.35
1|600682|20160301|39706764.08
0|000981|20160316|16031461
0|000981|20160316|16031461
0|000761|20160205|16064933.91
0|300067|20160309|19235524.12
0|002707|20160316|32116897.68
1|600383|20160205|16138888.8
0|002040|20160216|16185598
0|300506|20160630|16254254.84
0|300506|20160630|16254254.84
0|002615|20160106|16358647.21
0|002615|20160106|16358647.21
0|002134|20160201|16366043.68
1|601608|20160331|16380000
1|600806|20160203|16404761.94
0|300400|20160226|16413872
1|600692|20160725|16489453
0|002018|20160419|18330379.2
0|300508|20160608|16561958.75
0|300346|20160525|16628981.5
0|002777|20160203|16829212.15
0|000970|20160526|16834199
1|600898|20160519|17560325.02
0|000933|20160223|16854248.17
0|000019|20160421|16857797.02
1|600645|20160607|16907546
0|002795|20160701|17011548.69
0|002114|20160309|17013424.7
0|002715|20160620|17110298.08
0|300092|20160614|17423102.74
0|300062|20160108|17440390.5
0|002053|20160314|17500824
0|000571|20160721|17740715.61
0|300344|20160503|17810922.1
0|300506|20160719|17824653.93
0|300089|20160303|34368103
0|002348|20160511|17938514
0|000985|20160304|17964914.09
0|000532|20160225|18010646.87
1|600702|20160127|25481571
0|300230|20160301|56296418.83
0|000151|20160705|18137093.95
0|000519|20160708|18165350
0|000779|20160518|18187658.48
0|002192|20160421|18189065.46
0|000155|20160106|18200807.94
0|002234|20160304|42244333.6
0|300207|20160217|39018135
0|300503|20160620|18267732.55
0|002458|20160115|31870523.13
0|002222|20160125|78400364.55
0|300198|20160113|23551706.09
0|002182|20160621|18380680.86
1|600185|20160419|18395126.46
1|600778|20160509|18471826.24
0|002395|20160524|43986914.22
0|000911|20160422|52135863
0|300491|20160308|18561191.8
0|300292|20160725|18592307.36
0|002092|20160524|18594751.3
0|002779|20160127|18651068.4
0|300394|20160412|18655934.19
0|300109|20160309|35544025
0|300109|20160309|35544025
0|000779|20160630|38075450.56
1|600225|20160120|18896208.8
0|002780|20160126|27347854.82
1|603919|20160504|19049128.85
0|000548|20160406|19094589.7
0|000915|20160628|149014332.27
1|603398|20160107|19257629.2
1|603398|20160107|19257629.2
0|002155|20160624|61140441.96
0|000961|20160617|19455041.97
0|000150|20160411|27947780.86
0|300409|20160126|39401232.37
1|603936|20160122|19677314.6
1|600751|20160201|19707840.68
0|000829|20160527|47639495.59
0|300390|20160714|19862601.44
0|300300|20160105|19911405.78
0|300127|20160519|19948286
0|002218|20160630|20002386.42
0|002171|20160408|20018910
0|002709|20160509|20054399.49
1|600355|20160509|20132775.55
0|002645|20160303|20217815.51
0|002645|20160303|20217815.51
0|002453|20160406|20235523.81
0|300073|20160606|20298791.53
0|300019|20160715|20382855.57
0|300006|20160219|20383744.59
0|000563|20160201|44949458.35
0|002776|20160325|20511534.94
0|002615|20160315|20534992.63
0|002615|20160315|20534992.63
0|000413|20160718|20562528
0|002634|20160127|20599582.05
0|300294|20160201|34948977.7
0|000760|20160225|20632714.3
0|000626|20160219|20736713
0|000011|20160310|20905155.3
0|300510|20160715|21013865.34
0|002114|20160302|21015527.37
0|002276|20160405|21024367
0|300515|20160727|21114259
0|002654|20160129|21114443.66
0|002113|20160718|21171218.8
1|600175|20160112|21342282.4
0|002678|20160122|22987154.37
1|600960|20160304|27083124.27
0|002565|20160429|21467462.23
0|000988|20160112|96570346.19
0|002331|20160711|21492160.68
0|000626|20160308|21494544
0|000626|20160308|21494544
0|300250|20160322|21526709.7
0|300419|20160401|21535800
0|000695|20160105|21542850
1|600734|20160105|21599834.2
0|300513|20160712|21736091.03
0|002801|20160729|21848264
0|300335|20160607|37126379.28
0|300201|20160513|22000351.46
0|002667|20160304|42017196.95
0|000066|20160314|22036495.55
0|300481|20160425|40869882.61
0|000586|20160115|22149072
1|601388|20160223|22165223.76
0|300269|20160301|28982970
0|000838|20160322|22361772.99
0|000838|20160322|22361772.99
0|000971|20160620|22362990.4
0|000876|20160302|44434000
0|002596|20160108|30751293
0|300312|20160715|22549397.8
0|300401|20160115|22715233.35
0|002077|20160614|22778617.91
0|000530|20160701|22811217.77
0|000530|20160701|22811217.77
0|300097|20160608|22837666.72
0|000034|20160725|89997674.41
0|002286|20160718|34511664
0|300505|20160603|23051155.48
0|002229|20160310|23172943.72
1|600603|20160127|23298142.09
0|002370|20160329|23326747.65
0|002707|20160512|31175856
0|300063|20160516|27900288
1|600455|20160223|23474564.8
1|603377|20160226|23519297.04
1|603377|20160226|23519297.04
0|002664|20160520|100868036.19
0|002182|20160622|57502187.85
0|300338|20160229|25941060.99
0|000636|20160304|23884150
0|300458|20160628|24001453.36
0|300192|20160516|24044530.12
1|600647|20160506|24179301.1
0|300342|20160307|31420182.3
1|600116|20160419|24417204.47
1|603398|20160114|35084575.5
0|300176|20160406|24481972.25
0|300176|20160406|24481972.25
0|000638|20160726|24541420
0|002280|20160105|24736418.48
0|000716|20160219|24741762
0|002407|20160516|24828382
0|002740|20160408|24847791.55
0|002740|20160408|24847791.55
0|002323|20160407|24864435.01
0|300349|20160330|24888311.2
0|002610|20160422|25145234
0|002610|20160422|25145234
0|002072|20160108|28707407.65
0|000718|20160719|31397189.4
0|300047|20160728|38157266.89
0|002284|20160127|25841754.79
0|002535|20160512|25870753.1
0|002219|20160623|27335532.5
0|000980|20160412|26177356.04
0|300058|20160713|26419937.46
0|300032|20160219|26530167.31
0|002584|20160525|26600000
0|000892|20160707|37679723.69
0|300348|20160603|26624518
1|600960|20160325|26784637.87
0|000957|20160623|26851126.85
0|300481|20160504|26929434
1|600828|20160421|27031919.12
0|002467|20160412|27122484.12
1|603398|20160511|27189462.16
0|300443|20160422|27236644
0|000413|20160720|27247528
0|002780|20160301|87710093.25
0|002191|20160325|27347000
0|300189|20160128|27404244
0|002363|20160225|27559553.55
0|002454|20160225|27627104.57
0|300088|20160407|27640000
0|300023|20160406|27813860.1
0|002353|20160425|38849056.41
0|000768|20160704|27965240.8
0|300008|20160226|28018825.88
0|300506|20160728|28063990
0|300506|20160728|28063990
1|603398|20160120|49913776.7
0|300247|20160322|28236298.54
0|002590|20160511|28277837.48
0|300166|20160425|63459509.66
0|300134|20160719|28382261.54
0|300201|20160512|28556041.54
1|600459|20160601|28581628.98
0|300503|20160601|28613892.56
0|300053|20160524|28645319.74
0|002740|20160418|28687692.15
0|002619|20160427|29068386
0|002619|20160427|29068386
1|600978|20160129|95298001.79
0|000889|20160701|29304173.77
0|002309|20160509|33353479.7
0|000043|20160301|29378707.77
0|000615|20160127|29464364.5
0|300491|20160413|36314744.64
0|000532|20160616|29547717.45
0|300507|20160705|29548188.54
0|300377|20160323|60404902.29
1|600149|20160721|29616958
0|300049|20160127|44937524.47
0|300426|20160627|29805707.9
0|300360|20160623|48204305.6
0|002189|20160226|62657200.19
1|600168|20160408|30158122.08
0|002505|20160616|30163956.94
0|002340|20160606|30389308.24
0|300462|20160627|30448709.58
0|300278|20160224|30551432.55
0|300340|20160512|30637492
0|300340|20160512|30637492
0|002473|20160204|30654468.9
1|600856|20160520|30727243.84
0|300314|20160303|30742206.6
0|002016|20160720|30817242.81
0|002016|20160720|30817242.81
0|000657|20160330|57717641.98
0|300306|20160225|86190441.38
0|300306|20160225|86190441.38
1|600711|20160330|31523863.42
0|000802|20160329|31606274.7
0|300310|20160205|61226636.21
0|300383|20160422|42251652
0|000768|20160127|47318056.34
0|002645|20160126|31875514
0|002645|20160126|31875514
0|000606|20160304|38214308.99
0|002153|20160511|62904976.03
0|002488|20160323|32379096
0|002488|20160323|32379096
1|603936|20160108|32441743
1|603936|20160108|32441743
0|002036|20160222|32452749.74
1|600556|20160718|32536426.28
0|002253|20160307|32624240
0|000983|20160107|70120019.34
0|002431|20160317|32684715
0|300047|20160108|73212968.76
0|000517|20160419|32730312
0|300006|20160224|32778473.45
0|000662|20160517|32792965.45
0|000972|20160513|39335543.94
0|002606|20160311|32942183.1
0|002373|20160511|56900866.76
0|002655|20160104|45748923.8
1|600682|20160129|33138432
0|002091|20160328|121586663
0|000751|20160414|33500000
1|600086|20160215|33533271.74
0|000038|20160623|33612647.63
0|000038|20160623|33612647.63
0|000002|20160704|39056724.87
0|300401|20160121|33670550.34
0|300401|20160121|33670550.34
0|300459|20160420|33673571
0|300332|20160308|33678455.6
0|300253|20160226|50928824.72
1|600359|20160704|33927323.98
1|600971|20160414|33990677.74
0|300362|20160728|33993748.8
0|002443|20160112|34080895
0|000420|20160301|34131021.31
0|300264|20160511|34173403.08
0|000626|20160224|34176672.08
1|600217|20160311|34194000
0|300088|20160302|34283789.2
0|300493|20160114|34534078.5
0|300450|20160304|34591091
0|002691|20160728|34701228.97
0|000633|20160111|49896177.7
0|000712|20160301|42287555.13
1|600175|20160113|35190652.53
0|000679|20160511|35247036.16
0|002705|20160426|49089377.7
0|002788|20160622|35361511
0|300084|20160602|41513341.27
1|600856|20160519|35470769.55
0|002795|20160630|35483933.74
0|002466|20160205|35828121.14
0|002329|20160329|54618366.57
0|002664|20160311|40553447.39
0|002502|20160122|36428166.46
0|300364|20160125|36768895
0|000503|20160217|36964269.22
0|000670|20160105|37116887.06
0|002070|20160118|37123305
0|000615|20160129|37151022.21
0|300508|20160614|53152419.23
0|000793|20160505|37269795.86
1|603567|20160316|37495671.84
0|002792|20160608|37624264.62
0|000892|20160511|44936445.51
0|000547|20160122|38043575.92
0|000628|20160111|49147245.88
0|300131|20160304|38216673
0|300101|20160608|38359335.57
0|002253|20160325|38475847.94
0|000829|20160714|38506000
0|002713|20160524|38541945.69
0|000693|20160216|38576758.87
0|002504|20160225|38607108.05
0|002452|20160713|38628204.78
0|300155|20160203|38750887.41
0|300073|20160520|88092978.82
0|300490|20160518|39058024.4
0|002355|20160111|111448257.78
0|002746|20160308|75799722.8
0|002104|20160714|49327812.43
1|600136|20160513|61537887.41
1|600097|20160201|39813202.98
0|300474|20160530|39854504.56
0|300496|20160115|40010012.5
0|300043|20160620|41549418
0|300450|20160217|40262242
0|002619|20160718|40416866.91
1|600987|20160420|40421476.37
1|603318|20160621|40476344.94
0|002466|20160204|40480945.95
0|002234|20160525|79535728.5
0|000526|20160420|40679002.9
0|300508|20160620|40697199.17
0|300508|20160620|40697199.17
0|002777|20160608|40698476.29
1|601018|20160222|59218990.69
0|002730|20160105|40849913.44
0|002114|20160308|41160581.21
0|000996|20160603|41315263.25
0|300122|20160721|41470089.78
1|600155|20160203|41586773.79
1|603996|20160523|41671284.1
0|300508|20160711|41692816.49
0|300508|20160711|41692816.49
0|000802|20160308|41851782.36
0|300116|20160328|41886583.15
0|000810|20160329|42002455.33
0|300401|20160226|101430000
0|002407|20160418|42250950.24
0|000546|20160427|42283872.67
0|002788|20160418|47218635.93
0|002678|20160120|42658719.36
0|002325|20160629|42750426
0|300313|20160413|50339568.28
0|300313|20160413|50339568.28
1|600423|20160304|42804382.26
0|002283|20160107|42939451.5
0|300469|20160316|42956106.03
0|300093|20160511|43039241.31
0|002654|20160324|43091306.03
0|300025|20160602|43107411.9
0|002352|20160620|43265452.39
0|002352|20160620|43265452.39
0|002443|20160628|73559179.47
0|000880|20160524|43896859.57
0|000566|20160726|43977162.11
1|600969|20160426|44067079.46
0|000070|20160516|47838788.06
0|300028|20160405|44136317.76
0|300341|20160718|44171063.17
0|000606|20160201|54102303.43
1|603885|20160525|48352246.18
0|002026|20160226|58801094.82
0|000973|20160223|44350040.69
0|300071|20160114|48848200.96
0|002368|20160105|212321405.82
0|002103|20160620|101673565.64
0|300401|20160311|44662763.09
0|300265|20160721|44754780.9
0|002156|20160624|44802875.9
0|000586|20160113|44876045.02
0|002240|20160623|44963386.03
0|002273|20160122|61150619.91
0|002770|20160114|45310958.03
0|300496|20160119|45598001.2
1|600775|20160729|45764334.31
0|300188|20160420|45905749.7
0|000555|20160715|45950946
0|000056|20160519|46202087.56
1|603111|20160405|57093960.71
0|002782|20160613|46456061.1
0|002717|20160224|46593238.63
1|600706|20160427|46899532.85
0|002156|20160527|47058000
0|000555|20160225|77000654.9
0|300045|20160112|47217065.56
0|002776|20160331|47498106.72
0|002776|20160331|47498106.72
1|600198|20160420|47635037.29
0|002605|20160728|47685494.4
0|000166|20160321|47688256.63
0|002152|20160621|90871438.83
0|300351|20160218|48522950.09
0|300010|20160112|52463384.97
0|002183|20160105|70638909.21
0|300290|20160115|73483891.37
0|300016|20160411|49170612.43
0|002466|20160421|49334994.64
0|002703|20160623|49490145.22
0|002703|20160623|49490145.22
0|300083|20160217|49689600
1|600328|20160727|68850567.96
0|300188|20160127|66028234.19
0|300362|20160729|49871132.53
0|002208|20160518|63792659
1|601069|20160216|61601466.03
0|300409|20160708|64297988.17
0|300364|20160112|109526261.37
0|000851|20160722|106875547.12
0|000851|20160722|106875547.12
0|300395|20160517|55509837.65
0|002584|20160325|50755659.03
0|000738|20160115|90758161.63
0|000700|20160301|50891576.53
0|002121|20160623|83478099.67
1|601222|20160704|51173700.64
0|300481|20160505|51722158.19
0|300028|20160406|51723400.62
0|002285|20160229|51838800.08
1|603003|20160225|51855902.12
0|002235|20160427|52312747.26
0|300340|20160516|138908495.66
0|300340|20160516|138908495.66
0|300376|20160323|67345068.45
1|600172|20160203|67992693.16
0|300006|20160412|52728020.61
0|300401|20160301|85796987.15
0|002336|20160128|52811402.55
0|300476|20160506|52885167.83
0|300476|20160506|52885167.83
0|300490|20160204|53106717.46
0|300490|20160204|53106717.46
0|000799|20160505|53153668.82
1|600960|20160307|53228349.73
0|300061|20160721|229071784.82
0|300083|20160411|53582962.17
0|000933|20160203|71778287.81
0|300340|20160705|53874012.07
0|002542|20160525|53946078.23
0|300409|20160129|69812301.41
0|300367|20160713|107069962.61
0|002716|20160705|66934706.39
0|300481|20160519|54908597.92
0|300481|20160519|54908597.92
0|000555|20160226|80859016.02
0|002070|20160509|55086763.67
1|600673|20160408|55147453.97
0|002514|20160526|55234694.33
1|603398|20160224|55405806.63
0|000065|20160316|77814689.65
0|300481|20160520|55859902.58
1|600375|20160323|55888002.57
1|603318|20160613|55934768.86
1|603318|20160613|55934768.86
0|002323|20160331|56028890.79
0|300468|20160317|56128567.79
0|300510|20160630|56164267.4
0|000807|20160309|109486104.67
0|000839|20160401|56654524.9
0|002347|20160718|56753835.27
0|000796|20160512|56897794.83
0|002780|20160114|56913719
0|002567|20160428|77463564.63
0|300201|20160511|70268858.48
0|002678|20160119|57425829.16
0|002070|20160523|57596581.22
0|300351|20160219|57690509.68
0|000023|20160512|57698096.79
1|600391|20160119|68565661.19
0|300368|20160202|57959293.44
0|300292|20160720|58059123.84
0|300282|20160726|146896596.6
1|600101|20160229|58733422.73
1|603398|20160112|87569237.33
0|300432|20160613|59075761.98
0|002445|20160301|59078887.58
0|300061|20160224|66413832.45
1|600569|20160107|59788508.02
1|603318|20160223|59839621.45
0|000018|20160217|60217085
0|300331|20160531|60418992.61
0|300315|20160301|60522645.24
0|300310|20160307|105867925.55
0|000615|20160107|60632500
0|000933|20160309|60643853.96
0|002466|20160527|61138000.78
0|000918|20160512|61147944.6
0|002055|20160425|61268887.27
0|300326|20160125|61336447.48
0|002779|20160107|61342320.66
0|002779|20160107|61342320.66
0|000937|20160118|69057959.29
0|300213|20160627|100698451.92
0|002739|20160606|264085420.52
0|002793|20160601|61960878.01
0|000779|20160127|62122360.84
0|300465|20160315|62257765.2
0|300036|20160122|79988263.87
0|300479|20160608|62495300.36
0|000892|20160516|63444441.4
0|002296|20160309|63797173.74
1|603799|20160527|74449992.22
0|000555|20160118|64332531.08
1|601966|20160719|64357006.38
0|300512|20160627|64759439.61
1|601388|20160216|110658023.01
0|002466|20160105|94797738.82
0|002626|20160308|65256424.36
0|300136|20160525|114116187.03
0|300066|20160624|65566474.78
0|002568|20160119|74488399.2
1|600399|20160105|65813057.19
0|002113|20160712|65848784
0|300310|20160127|96898533.34
0|002587|20160728|65942518.9
0|002454|20160421|70781647.75
0|000911|20160617|229742501.18
0|300481|20160422|116028712
0|002239|20160106|67225200
0|002590|20160324|67511460.24
0|002407|20160520|67591200.1
0|300011|20160125|114832867.1
0|300078|20160301|106419292.04
0|000983|20160203|79625424.03
0|300195|20160106|72635401.2
1|600383|20160112|69417195.6
0|000413|20160712|69526186.14
0|300081|20160328|69575909.76
0|000686|20160321|69663317.35
0|002500|20160321|70044685
0|000915|20160726|79897046.57
0|000959|20160113|106568944
1|600303|20160325|93563864.03
0|000917|20160608|82287124.22
0|300336|20160421|104308358.23
0|002261|20160202|71000381.28
0|000925|20160712|71224618.88
0|300474|20160630|71465374.11
0|002468|20160120|101436359.9
0|002468|20160509|71789506.65
0|300098|20160201|87644484
0|300505|20160418|72290498.51
0|002292|20160222|120136905.03
0|002114|20160303|76880267.2
0|300426|20160718|73006205.67
0|002174|20160215|79298778
0|000625|20160331|169423092.96
0|000066|20160315|73722184.62
0|300333|20160112|82655737.22
0|002795|20160525|74162301.3
0|002032|20160425|129819140.33
1|600603|20160118|83718209.79
0|300327|20160614|76155461.62
0|002785|20160304|77421480.91
0|002548|20160530|109397772.29
1|600233|20160729|78002547
0|000738|20160127|78063866.07
0|300178|20160222|78223987.95
1|600389|20160503|84970743.69
0|002256|20160622|78731927.52
0|002256|20160622|78731927.52
1|603936|20160630|78767865.11
1|601388|20160226|106718244.16
0|300131|20160323|79133129
0|300031|20160511|138055942.7
0|002667|20160224|79989502.6
0|300131|20160324|80388580.44
0|000829|20160420|81299105.7
0|002429|20160523|81488766.23
0|300024|20160406|81660524.92
0|002504|20160219|82128773.04
0|002504|20160219|82128773.04
0|300450|20160218|82704126.78
1|600873|20160530|82733272.17
0|002091|20160329|82760691.91
0|000612|20160627|82911259.03
0|300299|20160223|82942449.63
0|002662|20160617|85886138.6
1|600149|20160722|83819139.77
0|300036|20160120|148977689.53
0|300036|20160120|148977689.53
1|600893|20160127|84028802.01
0|300292|20160722|84047298.5
0|300429|20160712|125112698.94
0|000669|20160419|116074560.51
0|000890|20160418|84789432.05
0|002265|20160302|84808042.9
0|000800|20160606|85103447.8
0|002768|20160401|85614209.13
0|002768|20160401|85614209.13
0|002782|20160201|95487061.94
0|300505|20160531|101256682.1
0|002407|20160503|87710431.05
0|000952|20160408|145209625.57
0|000150|20160127|88018147
0|000786|20160126|101412292.74
0|002717|20160511|99684351.38
0|002740|20160401|89201562.88
1|600469|20160608|89838055.84
0|002309|20160426|93176303.81
0|000990|20160108|90896288.99
0|002787|20160607|91539990.57
0|000932|20160203|95618011.59
0|002488|20160322|92996340.31
0|002703|20160627|93437156.51
0|002510|20160621|94228633.24
0|300222|20160223|95518288.4
0|000971|20160106|254616753.08
0|300073|20160722|120882173.93
0|002697|20160418|96135136.95
0|300100|20160229|114584331.89
0|002494|20160329|104302680.7
0|002086|20160108|96845170.99
0|000615|20160108|96861623.71
0|000893|20160713|98567699.8
0|002466|20160121|132770336.98
1|601233|20160413|157839301.56
0|002075|20160223|99558125.43
0|300073|20160125|99311631.64
0|000901|20160218|99950375.76
0|002702|20160217|100032391.81
0|300089|20160302|114759279.53
0|300089|20160302|114759279.53
0|002776|20160408|100818951.33
0|000610|20160725|101749545.24
0|002030|20160617|102227805.93
0|300023|20160323|102287240.51
0|300481|20160523|102547596.49
0|002230|20160215|102937664.7
0|000626|20160304|102964639.6
0|300081|20160325|104333452.67
0|300081|20160325|104333452.67
0|002049|20160315|104938008.91
0|002587|20160729|105141241.54
0|002502|20160425|117234030.79
0|300340|20160708|138669457.32
1|600745|20160518|144250157.86
0|002349|20160718|106545964.7
0|002664|20160310|106746523.02
0|300476|20160505|106848906.64
0|002375|20160218|107120000
0|300279|20160129|153920566.02
0|000810|20160122|108552896.66
0|300327|20160530|116563762.38
0|002006|20160421|110262051.3
0|000688|20160728|121235072.72
0|000626|20160223|111511341.15
0|000028|20160325|320435650.04
0|300463|20160530|142738061.57
1|603936|20160107|111978142.6
0|000712|20160223|112675477.8
0|300178|20160512|112886849.04
0|000960|20160309|112913888.47
0|300477|20160606|114121323.72
0|002675|20160527|123041572.97
1|600988|20160315|115333473.2
0|300078|20160111|192612672.01
1|603799|20160725|128798890.01
0|300198|20160617|119357328.33
0|300100|20160303|120089504.46
0|000519|20160104|120635461.03
0|002449|20160226|122939683.86
0|002431|20160318|123070070.5
0|002358|20160603|162548409.01
0|000980|20160616|136329620.9
0|002673|20160323|125554466.75
0|000783|20160321|177123387.52
0|000626|20160215|127047144.93
0|002619|20160603|127738048.48
0|000851|20160126|128113216.75
0|300251|20160530|147523433.21
0|002761|20160412|129629337.22
0|000838|20160107|131091019.74
0|002787|20160422|131441625
1|600122|20160616|202653542.56
0|300007|20160622|198491786.86
0|300264|20160325|132673388.26
0|000810|20160126|132981280.83
0|000409|20160127|133909773.87
0|002089|20160725|144387600.16
0|000638|20160728|134543412.75
0|002121|20160111|136161585.56
0|300432|20160622|136656466.48
0|300453|20160331|136752742.17
0|300453|20160331|136752742.17
0|300432|20160629|137056858.81
1|600153|20160617|184761409.22
0|300364|20160603|193834973.89
0|002075|20160218|138091086.07
0|000670|20160406|186934689.66
0|002577|20160512|138781154.9
0|002703|20160624|139741054.77
0|300450|20160219|142221898.76
0|300459|20160323|156664462.35
0|002292|20160205|157203547.47
0|002590|20160418|145481240.01
1|600166|20160524|147321489.42
0|000933|20160127|148383460
0|002475|20160711|224661291.21
0|300450|20160127|148833451.24
0|002329|20160108|157661478.29
0|000520|20160218|152969224.89
0|000534|20160331|153432356.01
0|000748|20160314|154483893.24
0|300340|20160606|154506517.5
0|300491|20160617|154645519.71
0|300326|20160122|176807382.39
0|002192|20160325|155717051.31
1|603618|20160331|157299683.46
0|300410|20160706|158711162.42
0|002762|20160711|160632224.48
0|000519|20160712|162167260.93
0|000019|20160420|162269345.37
0|000019|20160420|162269345.37
0|300250|20160118|162295875.05
0|002383|20160318|162320832.84
0|002654|20160303|162853347.29
0|002654|20160303|162853347.29
0|000795|20160520|163157633.66
0|000795|20160520|163157633.66
0|002546|20160324|163879940.86
0|300366|20160519|164220365.16
1|601011|20160215|165429922.2
1|600654|20160406|221505423.4
1|600273|20160412|167081094.64
0|300294|20160307|182550938.08
0|300329|20160113|187723308.81
0|300364|20160118|181819974.03
0|000615|20160218|169862982.33
0|002051|20160122|185961045.64
0|002736|20160321|171641311.42
0|002452|20160712|172045820.9
0|000971|20160224|234313972.47
1|601199|20160524|228355539.2
0|002751|20160125|204731494.88
0|300292|20160721|180227642.35
0|002573|20160531|180342330.49
0|000835|20160726|181031815.37
0|000333|20160712|349049266.62
0|000603|20160705|243550249.42
0|000806|20160108|182182621.35
0|000901|20160309|182245301
1|600645|20160113|225412876.91
0|002546|20160323|185126788.38
0|002439|20160621|202360145.8
0|000728|20160321|186981812.99
0|002371|20160113|235728926.94
0|002114|20160414|192447903
0|002546|20160325|193203807.51
0|300168|20160127|193808417
0|000718|20160720|221128567.68
0|000980|20160704|195247214.12
0|000980|20160704|195247214.12
1|600502|20160427|215708842.38
1|601599|20160706|198102040.45
0|300131|20160128|199519461.02
0|000670|20160505|204383753.24
1|600303|20160125|211075140.75
0|000657|20160225|211817414.84
0|000657|20160225|211817414.84
0|002631|20160411|214282831.52
1|600392|20160623|215167214.81
0|300329|20160219|215874321.6
0|002546|20160223|249832973.09
0|002384|20160224|218502957.05
1|600116|20160126|219640416.45
0|002504|20160715|223599061.06
0|300025|20160603|223615411.05
0|000035|20160218|227259697.03
0|002228|20160202|232972206.43
0|000700|20160222|259062478.83
0|002662|20160401|245374487.6
1|600343|20160104|311855612.07
1|600259|20160623|248946556.82
1|600749|20160628|258570303.92
0|000727|20160215|270578612.15
0|000727|20160215|270578612.15
0|000748|20160315|490142471.85
0|001896|20160302|284323726.94
0|002643|20160630|297983939.39
0|300431|20160329|308671828.93
0|300431|20160329|308671828.93
0|000806|20160712|291788455
0|002237|20160308|296398849.94
1|600420|20160323|297884078.1
0|000519|20160106|320615540.43
0|000519|20160106|320615540.43
1|600530|20160121|308225974.2
0|300432|20160608|319171946.8
0|002709|20160518|331799844.56
1|600745|20160504|333592972.12
1|600000|20160311|601011122
0|000758|20160708|669569935.61
0|000758|20160708|669569935.61
1|600199|20160713|364028424.69
1|603799|20160621|353838101.85
0|300324|20160314|389130079.92
0|300324|20160314|389130079.92
1|600682|20160201|696087664.98
0|002622|20160726|379259995.3
0|002312|20160504|385101665.31
0|000776|20160321|388666174.06
0|002031|20160401|396380335.13
0|000982|20160303|398878921.58
0|000982|20160303|398878921.58
0|000982|20160303|398878921.58
0|002018|20160422|431424878
0|002292|20160105|481779366.01
0|300431|20160328|435320847.67
0|300431|20160328|435320847.67
0|300104|20160603|536182003.51
0|300028|20160407|537044623.66
0|300028|20160407|537044623.66
0|300028|20160407|537044623.66
0|300028|20160407|537044623.66
0|300083|20160126|545293700.98
0|300083|20160126|545293700.98
1|600556|20160708|559225894.79
1|600556|20160708|559225894.79
0|002048|20160411|614190657.97
1|603799|20160603|590397232.65
0|300336|20160405|609280759.25
0|300377|20160601|687400000
0|002018|20160421|1116010400.72
0|002018|20160422|1116010401
1|601186|20160718|2387489216.92
