1|603979|20160711|-1740.5432
0|002554|20160711|-10665.0
1|600532|20160711|-2448.936
1|601890|20160711|-549.0
1|600052|20160711|-2519.775
1|603111|20160711|-3719.56
0|002167|20160711|-27350.4
0|300483|20160711|-2701.0
0|002217|20160711|-13470.0
0|300485|20160711|-29952.0
0|002772|20160711|-9400.0
0|002739|20160711|-13636.0
1|603355|20160711|-289.28
1|603198|20160711|-17772.9
1|603311|20160711|-953.58
1|603589|20160711|-28257.57
0|300067|20160711|-4550.0
1|603968|20160711|-2932.6
0|002227|20160711|-9522.5
0|000810|20160711|-12126.0
1|600208|20160711|-6673.2
0|300278|20160711|-3793.58
0|002151|20160711|-15472.95
1|603026|20160711|-4434.0
0|300486|20160711|-32525.9
0|002613|20160711|-3750.0
0|300479|20160711|-5803.5
0|300194|20160711|-518.7
0|002420|20160711|-644.0
0|300215|20160711|-1339.0
1|600356|20160711|394.8
1|600016|20160711|-346039.911
0|300436|20160711|-11720.0
1|601211|20160711|-2032.5
1|603678|20160711|-832.5
1|603227|20160711|-313.9543
0|002415|20160713|-10898.4
0|002554|20160713|-6840.0684
1|601388|20160713|-29938.3
0|300191|20160713|-11004.0
1|600255|20160713|-4866.048
1|600718|20160713|-5607.0
0|000603|20160713|-7203.0
0|300245|20160713|-2825.55
0|300222|20160713|-1884.0
0|002392|20160713|-920.0
0|002768|20160713|-24522.4
1|603018|20160713|-1249.0038
0|002102|20160713|-48270.28
0|002758|20160713|-850.5
0|300266|20160713|-3800.0
0|002475|20160713|-19579.8104
0|002734|20160713|-16894.592
0|300463|20160713|-4375.15
1|600606|20160713|-4830.0
0|002612|20160713|-6151.69
0|300465|20160713|-9395.8172
1|601016|20160713|-4935.0
0|002478|20160713|-837.6
0|300247|20160713|-3206.1221
0|002739|20160713|-4062.0
1|603355|20160713|-2397.12
1|603729|20160713|-6417.0
1|600266|20160713|-8060.0
0|002195|20160713|21420.0
1|603311|20160713|-719.95
1|600789|20160713|-3772.25
1|600666|20160713|-30436.28
1|603111|20160713|-3338.2567
1|601198|20160713|-832.565
1|603968|20160713|-1555.2
0|002133|20160713|-4508.0
0|000738|20160713|-5762.0
0|000810|20160713|-18594.0
1|603066|20160713|-8878.0
0|300436|20160713|-9276.8
0|002504|20160713|-1020.0
0|002015|20160713|-900.0
1|600803|20160713|-3824.7
0|002584|20160713|-4082.89
0|002721|20160713|-3281.4
0|300315|20160713|-35365.0
0|002420|20160713|-811.44
0|002729|20160713|-1186.5069
1|603019|20160713|-3228.3
0|300470|20160713|-487.3
0|002766|20160713|-19150.0
1|600273|20160713|-8568.255
0|000592|20160713|-49948.8
0|300408|20160713|-12612.2552
0|000902|20160713|-2921.6
0|300017|20160713|434.4
0|002189|20160713|-2370.4
1|603300|20160713|-6365.0
0|300352|20160713|-9735.0
1|601677|20160712|-7470.0
0|000727|20160712|-1098.2
0|002554|20160712|-6940.0
1|600674|20160712|-2849.077
0|000669|20160712|-704.4866
0|002497|20160712|-699.0
1|601211|20160712|-4139.08
0|002396|20160712|1859.456
0|000625|20160712|-2600.0
0|002698|20160712|-631.22
1|603111|20160712|-6338.672
0|300385|20160712|-1454.4
1|603018|20160712|-417.75
0|000096|20160712|-1317.6
0|002535|20160712|-30800.0
0|300483|20160712|-5706.52
1|603019|20160712|-5319.8
1|600606|20160712|-4815.0
0|300465|20160712|-13084.6542
1|601016|20160712|-3924.0
0|002326|20160712|-1101.0
0|002478|20160712|-970.08
0|002657|20160712|-18067.5
0|300266|20160712|-1900.0
1|603355|20160712|-6195.44
1|601208|20160712|-907.92
1|603309|20160712|-5284.0
1|600769|20160712|-1265.88
1|601616|20160712|-850.809
1|600008|20160712|2084.4852
1|603589|20160712|-27270.88
0|300144|20160712|-4907.25
1|603968|20160712|-2801.2
0|002133|20160712|-4480.0
0|000503|20160712|8974.0763
0|000738|20160712|-8000.41
0|002304|20160712|3741.7365
1|603311|20160712|-859.32
0|300431|20160712|-11876.0
0|300436|20160712|-9342.4
1|603566|20160712|-2393.0
0|000998|20160712|1924.1355
1|603885|20160712|-10892.0
1|603168|20160712|-4480.0
0|300397|20160712|-2130.6
1|603026|20160712|-277.8293
1|600803|20160712|-3781.8
1|603997|20160712|-982.5
0|002584|20160712|-6529.65
1|600958|20160712|-3110.0
0|002605|20160712|-9000.0
1|600718|20160712|-14576.0
0|000001|20160712|-316.0
0|300476|20160712|-6894.0
0|002420|20160712|-710.2467
1|600165|20160712|5637.3
0|002588|20160712|-572.0
0|000603|20160712|-7101.0
1|600666|20160712|-92595.054
1|603166|20160712|-1413.195
1|603300|20160712|-4968.0
1|600393|20160712|-1333.8
0|300352|20160712|-19120.0
1|603979|20160715|-501.683
0|002762|20160715|-6345.216
0|000727|20160715|-1087.68
0|002554|20160715|-6080.7754
1|600030|20160715|15138.0
0|002452|20160715|-8359.25
1|603116|20160715|-910.8296
0|300403|20160715|-36748.53
0|000552|20160715|11087.2791
0|002375|20160715|6434.48
1|600499|20160715|-8200.0
0|300483|20160715|-1040.2
0|002734|20160715|-288.0
1|603019|20160715|-7528.0
1|600530|20160715|-6342.0
0|300169|20160715|-619.5
0|002739|20160715|-7029.0
1|600556|20160715|-4420.5
0|300121|20160715|-20880.0
0|300328|20160715|-30490.02
1|603198|20160715|-3254.4
0|300348|20160715|-4345.6
1|601579|20160715|-13500.0
0|300289|20160715|-1355.0
1|601388|20160715|-17688.0
0|002309|20160715|459.66
0|000503|20160715|-4333.4333
0|002450|20160715|-41820.0
1|603311|20160715|-206.8
0|000586|20160715|-8592.8696
0|000998|20160715|-976.9955
0|002364|20160715|225.6
1|600682|20160715|-9752.8
1|600848|20160715|-671.1872
0|000001|20160715|-321.195
0|002582|20160715|-731.0
0|002427|20160715|-1368.28
0|300470|20160715|-893.2
0|000100|20160715|140.0
0|000902|20160715|-3054.4
0|300357|20160715|-6653.8
1|603300|20160715|-4466.0
0|300352|20160715|-9635.0
0|000908|20160715|-1207.0
1|603979|20160714|-962.0
0|002210|20160714|1264.734
0|002498|20160714|-27494.4768
0|002554|20160714|-6770.0
0|002689|20160714|-3519.0
1|603010|20160714|-3775.29
1|600765|20160714|-19644.3
0|002396|20160714|-1859.456
0|002417|20160714|-14462.0652
0|002005|20160714|-3750.885
1|603019|20160714|-3852.0
0|002758|20160714|-1330.992
0|300266|20160714|-3900.0
0|300405|20160714|-2061.26
0|300328|20160714|-7788.312
0|300483|20160714|-1058.0
0|300482|20160714|-5362.41
1|600606|20160714|-8856.0
0|002612|20160714|-20994.4
0|300465|20160714|-10606.9248
0|300207|20160714|225.0
0|002452|20160714|-11813.58
0|002739|20160714|-4235.4
1|603355|20160714|-1240.66
1|603729|20160714|-5704.0
0|300148|20160714|-15600.0
1|603718|20160714|-8090.1336
1|601368|20160714|-1512.5224
0|300322|20160714|-1110.8086
1|600789|20160714|-5467.04
0|300448|20160714|-2734.974
1|600642|20160714|-480.0
1|600848|20160714|780.3816
1|600016|20160714|-403730.73
0|000402|20160714|629.6
0|000546|20160714|-10117.5
1|600028|20160714|600.0
1|600572|20160714|-24198.616
0|002133|20160714|-4639.14
0|000503|20160714|-4640.643
0|000738|20160714|-9045.0
1|603566|20160714|-1968.9956
1|600512|20160714|-3180.0
0|002381|20160714|-3255.0
0|300431|20160714|-5439.6
0|300436|20160714|-10055.37
0|000586|20160714|-5125.0
0|002248|20160714|-3651.8
0|002018|20160714|-5141.97
0|000998|20160714|947.14
0|002585|20160714|-18585.45
1|600958|20160714|-793.5
1|603311|20160714|-2718.03
0|300315|20160714|-28636.5
1|603066|20160714|-11008.72
0|300476|20160714|-7491.25
0|002420|20160714|-1255.5
0|002427|20160714|-11756.0016
0|300470|20160714|-2267.52
0|002766|20160714|-5143.65
0|300110|20160714|494.52
0|002037|20160714|2550.0
1|603300|20160714|-2794.0
1|600112|20160714|-10493.9862
0|300489|20160714|-2431.5
0|300222|20160714|-1919.2
0|002498|20160719|-13997.2222
1|601186|20160719|-8680.0
0|002312|20160719|-11300.0
1|603117|20160719|-3742.0
0|002672|20160719|-5535.0
1|603011|20160719|-4516.0
0|300429|20160719|3500.0
0|002009|20160719|-3144.0
0|002102|20160719|-46846.8
0|002535|20160719|-5904.0
1|603998|20160719|-11835.6
0|300482|20160719|-5735.7696
0|300209|20160719|-6895.0
1|600532|20160719|-5699.736
1|603116|20160719|-842.997
0|002478|20160719|-637.98
0|300463|20160719|-13283.4
0|002739|20160719|-55560.0
0|000836|20160719|-19000.08
0|300287|20160719|-5373.792
1|601368|20160719|-1214.0
0|300322|20160719|-13996.5
0|300289|20160719|-1128.8
1|603589|20160719|-21708.0
0|002569|20160719|864.16
0|002547|20160719|-4980.0
0|300318|20160719|-3514.392
1|601988|20160719|-1796.97
1|600685|20160719|-3613.44
0|300357|20160719|-6578.5792
0|002037|20160719|1700.0
0|002019|20160719|-16140.0
0|300364|20160719|-527.1
0|002263|20160719|-25320.0
1|603026|20160719|-5144.0
0|002076|20160719|-989.5781
1|603311|20160719|-634.26
1|600157|20160719|-123545.6
0|002359|20160719|-3771.0
0|300326|20160719|-2429.0
1|601126|20160719|-2943.0
0|002601|20160719|-862.2
1|600485|20160719|-5610.0
0|300470|20160719|-3619.0
1|600094|20160719|-14880.0
0|300296|20160719|-33673.9825
1|600271|20160719|600.38
0|300477|20160719|-204.8
0|300018|20160719|-9170.1
1|603223|20160719|-2011.8238
1|603026|20160718|-6400.88
1|603012|20160718|-1644.56
0|002359|20160718|-3768.0
0|300245|20160718|-3334.4
0|002415|20160718|-322.4
0|002062|20160718|-2979.205
1|601939|20160718|-542.4
0|000333|20160718|-341.4
0|002535|20160718|-3434.706
0|300483|20160718|-2034.4
0|002711|20160718|-2840.32
0|300481|20160718|-6202.5
1|603019|20160718|-5491.5
0|002772|20160718|-7239.0
0|002776|20160718|-1815.55
0|002452|20160718|-12969.6
1|600165|20160718|-6770.1123
0|002739|20160718|-6953.0
1|600556|20160718|-5556.0
1|601368|20160718|-2410.0
1|600512|20160718|-4116.44
1|603589|20160718|-22314.0
0|300324|20160718|-6855.0
0|000732|20160718|11559.976
0|000526|20160718|-3348.36
1|603311|20160718|-569.24
0|300250|20160718|-1698.6
0|300431|20160718|-4508.25
0|000632|20160718|-1870.0
0|002504|20160718|-658.45
0|002015|20160718|-9801.3318
0|002074|20160718|-449.28
1|600157|20160718|-120000.0
0|300219|20160718|-5120.5
0|300091|20160718|-1029.204
1|601126|20160718|-2000.0
1|600297|20160718|-5600.0
1|601211|20160718|11911.3256
0|300155|20160718|-9047.22
0|300352|20160718|-9485.0
0|000908|20160718|-6075.0
0|000592|20160701|-1335.7682
0|300489|20160701|-2978.6625
1|600255|20160701|3124.8
1|600580|20160701|-37660.0
0|300421|20160701|-1543.0
1|600856|20160701|-1860.0
0|300471|20160701|-3666.44
0|300221|20160701|449.2
0|002254|20160701|-4332.0
0|002775|20160701|-2961.0
0|300229|20160701|-4150.0
0|002692|20160701|-2253.0
0|002474|20160701|-11907.0
0|300469|20160701|-2410.8
0|300486|20160701|-4510.34
1|600532|20160701|-34072.497
1|603116|20160701|-2973.6
0|002770|20160701|-5855.0
0|300467|20160701|-2800.0
0|002739|20160701|-14384.0
0|300148|20160701|-4578.0
1|600519|20160701|941.5116
0|300009|20160701|-537.8
0|300322|20160701|-1741.5
0|300448|20160701|-5873.9064
1|600667|20160701|-1068.93
1|601198|20160701|-4516.0
1|600222|20160701|4155.2
0|002547|20160701|-5193.9
0|300099|20160701|-2964.5
0|002450|20160701|-19807.2
1|600512|20160701|-2793.0
0|002500|20160701|-993.83
0|300431|20160701|-3262.5
0|300436|20160701|-6669.0
0|002745|20160701|-1262.3694
1|600383|20160701|34139.4116
0|002074|20160701|-6880.9344
0|300238|20160701|-16590.0
0|002584|20160701|-8089.6
1|601211|20160701|-4153.12
0|300199|20160701|-15884.9412
0|300174|20160701|-1166.0
0|300455|20160701|-6060.0
0|300237|20160701|-3861.0696
1|600401|20160701|-660.0
0|300354|20160701|-1233.9
0|300207|20160701|328.9
1|603616|20160701|-272.6
0|300336|20160701|-954.4
1|600217|20160706|-367.0566
0|002047|20160706|-2619.0
1|601011|20160706|-22040.0
0|002339|20160706|-1555.2
1|600052|20160706|-4891.464
1|600711|20160706|-10492.73
0|300421|20160706|-2055.004
0|002027|20160706|-13203.0
1|603010|20160706|-2553.0
0|300444|20160706|-6917.0
0|300443|20160706|-7762.7
1|600165|20160706|35501.0
0|002415|20160706|-268.5213
0|000576|20160706|9467.4756
0|300385|20160706|-2585.8
0|300400|20160706|-5552.604
0|000158|20160706|-1307.0
0|002759|20160706|-1293.36
0|300448|20160706|-4473.0
0|002439|20160706|-7310.9
1|601222|20160706|-14017.5
0|002732|20160706|-2814.0
0|300486|20160706|-4485.94
1|601169|20160706|-1020.0
0|002772|20160706|-7377.0
0|300489|20160706|-4683.25
0|000055|20160706|-9350.0
0|002618|20160706|-200.0376
0|300463|20160706|-2979.99
0|300406|20160706|-2109.0
0|000836|20160706|3149.5878
0|300364|20160706|-775.05
1|603309|20160706|-5200.0
0|300103|20160706|-6615.0
1|603997|20160706|-981.5
1|603198|20160706|-4744.8
1|603311|20160706|-546.0
1|603315|20160706|-2513.9511
1|603589|20160706|-30392.0
1|600666|20160706|-10758.0
0|300483|20160706|-6777.4
0|002522|20160706|-36080.1
0|000526|20160706|-7536.0
1|603566|20160706|-1789.6416
0|002405|20160706|200.49
0|002741|20160706|-1672.56
0|002155|20160706|-746.4
0|000586|20160706|-8401.4272
0|002662|20160706|-6051.375
1|603168|20160706|-3009.15
1|603300|20160706|-3849.0
1|603066|20160706|-8886.0
1|603108|20160706|-6207.9714
0|002428|20160706|-22172.692
1|600856|20160706|-900.0
1|603100|20160706|-733.0
0|300452|20160706|-252.3
0|000046|20160706|-18785.3
0|300399|20160706|-2904.75
0|002766|20160706|-3491.0
0|300465|20160706|-15090.7545
1|603011|20160706|-970.94
1|601069|20160706|-4374.0
1|603616|20160706|-848.7
1|601607|20160706|-214.11
1|603085|20160706|-2279.4
1|603227|20160706|-470.07
1|600771|20160706|-280.0
1|603979|20160707|-2955.6044
0|002385|20160707|-2232.0
1|603116|20160707|-1875.6
1|603010|20160707|-1415.7
0|002390|20160707|-62878.5
1|603015|20160707|-7104.96
0|002758|20160707|-1075.0
0|002759|20160707|-1526.43
0|300483|20160707|-11193.8
0|300481|20160707|-9236.0
0|300469|20160707|-2367.4
0|002770|20160707|-7362.0
1|600356|20160707|203.4
0|002739|20160707|-3648.0
0|000836|20160707|2245.8876
1|603198|20160707|-3045.6
0|300289|20160707|-2776.0
1|603589|20160707|-10956.0
0|002548|20160707|-17247.06
0|200596|20160707|-4241.5733
0|002405|20160707|-288.0
0|300278|20160707|-19831.5
0|002688|20160707|-2797.5
0|300487|20160707|-3346.2
0|300397|20160707|-3249.0
1|603066|20160707|-4343.0
1|600803|20160707|-3413.487
1|603997|20160707|-970.0
0|002584|20160707|-7968.98
1|601211|20160707|-4146.67
0|002602|20160707|-2979.2
0|300219|20160707|-45870.0
0|300476|20160707|-7332.0
1|601238|20160707|-46935.0
0|300236|20160707|-10102.0
1|600271|20160707|-442.5466
1|603309|20160707|-7866.0
1|601069|20160707|-3609.0
1|603227|20160707|-468.52
1|603300|20160707|-3324.0
0|000908|20160707|-1816.5
0|300379|20160707|-1590.855
0|300131|20160707|-1617.0
0|000863|20160707|8989.65
1|600259|20160704|-16372.2
0|300448|20160704|-11785.1804
0|300254|20160704|-5089.6224
1|600052|20160704|-2357.1486
1|603116|20160704|-56088.636
0|300408|20160704|-16273.4257
0|002417|20160704|-3685.5
0|002698|20160704|-922.32
0|300221|20160704|-14955.4
1|600769|20160704|-1255.1
0|300403|20160704|-8588.8
0|002775|20160704|-4181.0
0|002759|20160704|-1823.52
0|300405|20160704|-484.55
0|002692|20160704|-2322.0
1|601211|20160704|-4151.77
0|002474|20160704|-15531.0
0|000333|20160704|-379520.0
0|300469|20160704|-3645.6
0|002593|20160704|-2046.8
1|600532|20160704|-3344.6094
0|300489|20160704|-3438.1875
0|002655|20160704|-3998.8
1|600266|20160704|-9871.5192
0|002739|20160704|-3636.0
0|300364|20160704|-525.7
0|300021|20160704|-2393.2
1|603198|20160704|-2773.2
1|600512|20160704|-2835.0
1|600104|20160704|-19800.0
0|002065|20160704|451.8
0|300326|20160704|-3319.5
1|603589|20160704|-10416.0
1|603997|20160704|-972.0
1|603968|20160704|-3835.6
1|600837|20160704|792.5
1|603686|20160704|-328.3
1|600518|20160704|37043.8026
0|002450|20160704|-24053.45
1|603566|20160704|-2643.1456
0|300432|20160704|-1180.9
1|603311|20160704|-741.6
0|000776|20160704|36231.48
0|002151|20160704|-18893.6
1|601018|20160704|-10609.7772
0|002262|20160704|-1962.9225
1|603020|20160704|-1880.0
1|600803|20160704|-4015.0586
0|300458|20160704|-1045.1
0|002768|20160704|-4019.04
1|600958|20160704|-15009.92
0|300310|20160704|-8457.6
1|600718|20160704|-5526.0
0|002761|20160704|-1471.9076
1|603085|20160704|-780.78
0|300232|20160704|-16243.84
0|300475|20160704|-19410.0
0|000046|20160704|-9600.0
1|600485|20160704|-18125.0
0|300471|20160704|-2410.5
0|300476|20160704|-8400.0
1|603011|20160704|-5509.52
0|300357|20160704|-3668.0
1|603300|20160704|-3819.0
0|300354|20160704|-269.2
0|300379|20160704|-1997.25
1|603227|20160704|-572.322
0|000908|20160704|500.0
1|603808|20160725|-1460.0
1|601186|20160725|-13600.0
0|002312|20160725|-10930.0
0|000801|20160725|-22183.26
1|601211|20160725|-3194.1
0|002676|20160725|-2230.0
1|601288|20160725|233.8098
0|002354|20160725|1855.378
0|300266|20160725|-391.0
0|300448|20160725|-4022.5156
1|601177|20160725|267.28
0|002737|20160725|-303.343
0|300481|20160725|-7218.0
0|300486|20160725|-9447.6798
0|000039|20160725|-1109.8727
1|600740|20160725|258.28
0|300489|20160725|-3691.8
0|002776|20160725|-3370.0
0|300364|20160725|-801.9
0|300120|20160725|-14878.3012
0|300104|20160725|-14037.0
0|300102|20160725|-12030.0
0|300096|20160725|228.0
0|300375|20160725|-201.318
1|600512|20160725|-3528.0
1|601226|20160725|-890.0
1|603678|20160725|730.5
0|000839|20160725|-2075.2
1|600221|20160725|753.7624
0|002130|20160725|280.833
0|000656|20160725|-8361.1014
1|600153|20160725|-1321.9008
0|002220|20160725|205.9794
1|600166|20160725|-1566.0
1|600208|20160725|-8300.0
0|000895|20160725|-20500.0
0|300253|20160725|-891.2
0|002509|20160725|-6994.4017
0|002014|20160725|-5145.9
0|002117|20160725|-9807.0
1|603066|20160725|-6091.575
0|000610|20160725|9426.5724
0|002769|20160725|-567.2
0|002607|20160725|-500.0
0|002649|20160725|-1770.5
1|600718|20160725|-12787.95
1|601225|20160725|238.8
1|601016|20160725|-4000.0
0|300091|20160725|1454.2
1|601126|20160725|-3423.0
1|600273|20160725|-4278.73
0|000008|20160725|-5760.0
1|603268|20160725|-4400.0
0|300296|20160725|-9225.0
1|600356|20160725|613.74
0|002182|20160725|257.5
0|300292|20160725|3967.0
1|603227|20160725|-2131.2
1|601588|20160725|-2744.0
1|603368|20160725|-765.0376
1|603223|20160725|-2703.0
1|600600|20160725|-208.833
0|300378|20160725|-1377.7467
1|601258|20160725|282.0
0|000908|20160725|-1213.0
1|600221|20160726|1041.21
0|002526|20160726|408.0
1|601388|20160726|-43006.81
1|603808|20160726|-1539.5
0|002049|20160726|-11988.0
0|002312|20160726|-10840.0
1|600856|20160726|-1073.6
1|603011|20160726|-7176.0
1|603017|20160726|-248.7393
1|603015|20160726|-2864.0
0|300406|20160726|-966.0
0|002439|20160726|-11733.8061
0|002737|20160726|-332.937
0|002734|20160726|-1652.3
0|000566|20160726|497.2
0|002732|20160726|-1399.5
1|601226|20160726|-979.0
0|300465|20160726|-12330.0
1|601016|20160726|-4960.0
0|002776|20160726|-3337.0
0|002739|20160726|-10664.0
0|300282|20160726|-6398.0
1|600512|20160726|-4420.0
1|600666|20160726|-912.0
0|000403|20160726|-11228.0
1|603969|20160726|-1367.3
0|002130|20160726|276.913
0|002547|20160726|-23414.96
1|600208|20160726|-8360.0
1|600959|20160726|-1686.3
0|002509|20160726|-6050.0
0|002504|20160726|-1339.8
0|002262|20160726|-654.9642
0|002366|20160726|-19473.528
1|603300|20160726|-4940.0
0|000610|20160726|-3510.0
1|600885|20160726|-19152.0
0|002649|20160726|-1562.91
0|002582|20160726|-719.4
0|300476|20160726|-4876.0
1|601126|20160726|-3924.0
0|002765|20160726|-1313.5
0|000008|20160726|-5760.0
1|600356|20160726|230.2344
0|300292|20160726|-10745.7
1|600751|20160726|-3025.0
1|603223|20160726|-1496.8026
1|601211|20160726|-3419.24
1|603616|20160726|-1529.0
0|000908|20160726|-2478.0
0|002044|20160727|-4032.0
0|002210|20160727|485.0136
0|002049|20160727|-24615.0
0|002168|20160727|227.92
0|000661|20160727|848.863
0|002782|20160727|662.5726
1|601226|20160727|-1760.0
1|601368|20160727|579.6
0|300104|20160727|-23040.0
0|300282|20160727|-6444.0
1|600512|20160727|-2140.0
0|000731|20160727|932.1
1|600221|20160727|954.8
0|002569|20160727|363.09
0|002131|20160727|-27295.65
0|002405|20160727|1579.5094
0|002074|20160727|-1024.5
1|600959|20160727|-5665.0
1|601788|20160727|300.135
1|600735|20160727|-12261.1735
0|300091|20160727|226.2
0|300058|20160727|1136.9214
1|601168|20160727|39073.05
1|600751|20160727|-1331.0
1|603227|20160727|-2319.66
0|002044|20160720|-2770.0
0|300254|20160720|-1130.7744
1|603117|20160720|-5181.0
1|601186|20160720|-10368.0
0|002569|20160720|361.984
0|002312|20160720|-12243.0
1|601933|20160720|5390.0
0|002672|20160720|-5484.0
0|002147|20160720|10000.0
0|300463|20160720|-3172.0
0|002009|20160720|-5224.9632
0|300429|20160720|4564.0
0|002694|20160720|-22110.0
1|603998|20160720|-3234.0
0|002354|20160720|-8271.0
0|300405|20160720|-961.17
0|300482|20160720|-5714.4416
0|002734|20160720|-20109.7
0|002732|20160720|-1390.0
0|300301|20160720|-4668.0
1|600355|20160720|-10621.6
0|300465|20160720|-13158.0
1|603311|20160720|-537.68
0|300287|20160720|-12320.0
0|002657|20160720|-9869.8877
0|002739|20160720|-63063.0
0|300470|20160720|-2235.2
0|300104|20160720|-22342.2
1|603116|20160720|-2608.1322
0|300322|20160720|-17012.5
0|300273|20160720|246.5
1|603589|20160720|-21246.0
0|300144|20160720|-10845.0
0|002309|20160720|224.4
0|002324|20160720|-495.2232
1|600900|20160720|-1088.0
0|002381|20160720|-3567.0
0|002740|20160720|-3764.8
0|002509|20160720|-328.5
0|002153|20160720|231.62
0|002019|20160720|-47080.0
1|603026|20160720|-5487.0
1|603066|20160720|-1528.35
0|002681|20160720|-3078.0
1|601208|20160720|-4946.5
1|600165|20160720|-1410.114
0|002359|20160720|-3709.5
0|300477|20160720|-310.05
0|002762|20160720|-3385.8
0|300236|20160720|-9478.0
0|002766|20160720|-16833.58
0|300486|20160720|-1703.0
1|603223|20160720|-2208.0544
0|300336|20160720|-6952.2
0|300155|20160720|-7998.0
1|600266|20160720|-1364.0
0|000908|20160720|-7434.0
0|002210|20160721|1402.8736
0|002081|20160721|-7556.67
1|601186|20160721|-11245.0
1|603117|20160721|-3744.4
0|002359|20160721|-3909.205
0|002351|20160721|-1179.0
0|002694|20160721|-12600.0
0|002354|20160721|-8108.0
0|002104|20160721|1264.1983
0|002510|20160721|-376.56
0|002779|20160721|627.9518
0|300209|20160721|-6687.5
1|600900|20160721|-1086.3
0|300267|20160721|-2472.8612
0|300206|20160721|-5220.0
0|002655|20160721|-1482.74
0|002478|20160721|-340.23
0|300463|20160721|-18302.4
0|002739|20160721|-7200.0
1|600556|20160721|-16731.0
1|600572|20160721|-30859.1475
1|601368|20160721|-7595.424
0|300348|20160721|-9390.0
1|600789|20160721|-5139.3
0|002241|20160721|279.0
1|603589|20160721|-21126.0
0|002309|20160721|557.667
0|002547|20160721|-998.0
1|600568|20160721|-8900.0
0|002528|20160721|269.3288
0|002740|20160721|-3829.8
0|300256|20160721|-10304.0
0|002681|20160721|-3150.0
1|600958|20160721|-8519.5
0|002580|20160721|-1963.26
0|300315|20160721|-7137.0
1|600856|20160721|-6818.0
0|002761|20160721|-511.3705
1|601126|20160721|-2943.0
0|002421|20160721|-399.84
0|300237|20160721|-33345.1294
0|002180|20160721|-1485.0
0|300431|20160721|-630.5
0|300017|20160721|335.34
1|603188|20160721|-985.6
0|300436|20160721|-10240.2
1|603223|20160721|-3863.034
1|603268|20160721|-1404.16
0|000908|20160721|-3657.0
0|002210|20160722|471.975
1|603188|20160722|-1913.0
1|600532|20160722|-22356.0
1|601186|20160722|-12810.0
0|000338|20160722|335.2
1|600856|20160722|-7835.202
1|603010|20160722|-435.138
0|002698|20160722|-664.023
0|002167|20160722|-22170.4
0|300385|20160722|-1832.5
0|002532|20160722|-1458.24
0|000333|20160722|-184310.0
0|000158|20160722|-655.893
1|601939|20160722|-480.0
0|300483|20160722|-1716.39
0|300481|20160722|-4905.6
0|300486|20160722|-18220.75
0|002459|20160722|-20845.462
0|300204|20160722|-1572.48
0|002739|20160722|-10258.5
1|600556|20160722|-11992.0
0|002190|20160722|-595.034
0|000797|20160722|-2035.033
0|300128|20160722|-4968.0
0|300143|20160722|-283.4
0|300326|20160722|-3352.5
1|603589|20160722|-20490.0
0|002547|20160722|-5832.658
1|600512|20160722|-4560.0
0|002138|20160722|-1757.0
0|002528|20160722|223.1775
0|300322|20160722|-14534.0
0|002740|20160722|-3655.1816
0|002509|20160722|-1769.56
0|002153|20160722|344.6322
0|002689|20160722|-2733.5
1|603611|20160722|-911.7
1|603026|20160722|-1534.8
1|600900|20160722|1088.0
0|002639|20160722|-763.8
0|300218|20160722|-8388.455
0|300479|20160722|-11355.0
0|000008|20160722|-2904.0
1|603998|20160722|-10555.215
0|300431|20160722|-2609.88
0|300292|20160722|-3643.5284
0|300464|20160722|-7602.347
0|300357|20160722|-2805.408
0|300256|20160722|-10346.7378
1|601211|20160722|-3209.328
0|300378|20160722|-1403.0781
0|000908|20160722|-1219.0
1|600259|20160705|-12488.0
0|002047|20160705|-13580.0
1|600837|20160705|824.2
0|002230|20160705|-798.0
0|002145|20160705|51764.9811
1|603116|20160705|-1729.6
0|000597|20160705|-1849.81
1|600846|20160705|-276.52
0|300221|20160705|-6894.4
0|300385|20160705|-2307.2
0|000663|20160705|-2329.68
0|002759|20160705|-1780.87
0|002692|20160705|-2301.0
0|300043|20160705|-673.0
0|300469|20160705|-2399.0
0|300485|20160705|-9112.0
0|300489|20160705|-4289.5
0|000055|20160705|-4430.4
1|601368|20160705|-1248.536
0|300406|20160705|-2110.0
0|002450|20160705|-12160.0
0|300287|20160705|-4648.0
1|603997|20160705|-967.0
1|603198|20160705|-4314.6
1|600512|20160705|-2654.28
1|603588|20160705|-1472.6967
1|603589|20160705|-10362.0
0|300144|20160705|-4520.0
1|603108|20160705|-2478.7928
0|000545|20160705|-2932.5
1|600226|20160705|-2932.6
0|300432|20160705|-556.8
0|300253|20160705|-750.2
1|603166|20160705|-316.4
0|000586|20160705|-4376.0
0|300254|20160705|-3142.6875
0|000997|20160705|-575.1
0|002505|20160705|-2978.3
0|002500|20160705|-483.604
0|002585|20160705|-36253.1
1|600958|20160705|-1748.76
1|601211|20160705|-1444.32
1|603066|20160705|-8280.0
0|002760|20160705|-5751.46
0|002765|20160705|-2681.0
0|300470|20160705|-224.1
1|600487|20160705|-2916.4
0|300296|20160705|-2900.0
1|601169|20160705|-41516.754
1|600666|20160705|-29480.0
1|603188|20160705|-698.04
1|600771|20160705|287.8
1|603085|20160705|-1701.45
1|601016|20160705|-3920.0
0|000908|20160705|462.5
0|002570|20160708|-1104.84
1|600052|20160708|-837.5696
0|000559|20160708|415.7154
1|603010|20160708|-2645.0
0|300408|20160708|-16119.7938
0|000882|20160708|-1104.983
0|002698|20160708|-761.2
1|600490|20160708|-846.0
0|300403|20160708|-1677.65
0|300266|20160708|-1185.0
0|300405|20160708|-3245.64
0|002439|20160708|-6636.7
1|601222|20160708|-22960.458
0|300481|20160708|-9454.6
0|300487|20160708|-3519.0
1|603116|20160708|-1099.5
0|300207|20160708|-430.1
0|002192|20160708|813.8
0|002191|20160708|-1098.0
1|603198|20160708|-3076.8
1|603311|20160708|-1108.23
1|603309|20160708|-7926.8
1|600008|20160708|7152.0355
1|603589|20160708|-5689.32
1|600666|20160708|-22841.0
0|300483|20160708|-1644.9
0|002050|20160708|-899.0
1|600135|20160708|-1659.0
0|002304|20160708|6724.29
0|200596|20160708|-271.124
0|002667|20160708|-800.8
0|300278|20160708|-11886.0
1|600606|20160708|-4821.7328
1|603026|20160708|-6007.3
1|603108|20160708|-7874.7536
0|300478|20160708|-8271.0
0|300053|20160708|-2595.0
0|300476|20160708|-7197.0
0|300477|20160708|-4122.3006
0|000040|20160708|-1046.64
0|300473|20160708|-3565.237
0|300456|20160708|-3681.7
0|002766|20160708|-5964.9
0|300422|20160708|-1098.9
1|603300|20160708|-6312.6
1|603085|20160708|-2317.8
0|002420|20160708|-643.2
0|300131|20160708|-1124.0
0|000863|20160708|4413.24
1|603808|20160728|-1180.8
1|601186|20160728|-12660.0
0|002049|20160728|-24439.328
0|002413|20160728|-1990.1
0|000333|20160728|-304.7
0|002732|20160728|-1301.0
0|000835|20160728|3396.45
1|600512|20160728|-3663.5
1|601198|20160728|-2481.7
0|002349|20160728|-608.36
0|002405|20160728|312.8
0|300436|20160728|-13396.0
1|600208|20160728|-12120.0
0|000750|20160728|-4431.0
0|000677|20160728|-548.27
0|300273|20160728|228.939
0|002769|20160728|-2213.838
1|600959|20160728|-5733.0
0|300476|20160728|-4578.0
1|603558|20160728|-1046.4
0|300017|20160728|-611.64
1|601211|20160728|-561.4
1|603227|20160728|-1329.156
0|002210|20160729|809.8989
1|601898|20160729|168.0
0|000728|20160729|18200.0
1|601186|20160729|-6848.0
0|002049|20160729|-24292.83
0|002027|20160729|-9506.0
0|002147|20160729|8136.96
0|300083|20160729|-276.8
1|600900|20160729|1499.312
1|603116|20160729|-1035.4378
0|002074|20160729|-200.013
0|000836|20160729|2055.0
1|600512|20160729|-3792.2136
1|600066|20160729|3982.28
1|603968|20160729|-9097.3
0|002349|20160729|390.6
0|300436|20160729|-8099.28
0|002683|20160729|-967.5
0|000677|20160729|-799.13
1|600735|20160729|-13221.1
0|300212|20160729|339.02
1|603010|20160729|-4781.52
0|000008|20160729|-4800.0
1|603558|20160729|-1053.0
1|600751|20160729|-732.0
1|603223|20160729|-2907.225
1|601211|20160729|-2638.76
1|603979|20160630|-10900.0
0|002122|20160630|-1132.0
0|300448|20160630|-3183.0
1|603111|20160630|-243.8
1|600055|20160630|-3873.45
0|002230|20160630|-298.775
1|600052|20160630|-3320.0
1|600199|20160630|-226.7617
0|000156|20160630|-4545.0
0|300408|20160630|-8165.0
0|200625|20160630|-252.72
1|600851|20160630|-24326.968
1|603015|20160630|-7064.9
0|300386|20160630|-6434.0
0|002739|20160630|-3795.5
0|002759|20160630|-3245.0
0|300405|20160630|-2557.02
0|002692|20160630|-2337.0
1|601211|20160630|-6517.845
0|002474|20160630|-8190.0
0|300465|20160630|-17941.4352
0|300467|20160630|-2900.0
0|300364|20160630|-2509.0
0|002775|20160630|-4402.0
0|300328|20160630|-32400.0
1|603198|20160630|-14452.2
1|600512|20160630|-2786.0
0|002252|20160630|-17810.0
1|603589|20160630|-3530.0
0|000403|20160630|-10414.656
0|300278|20160630|-7604.8
0|300437|20160630|-2663.0
0|000750|20160630|-22100.112
0|002500|20160630|-996.6
0|300312|20160630|-1592.1
0|300310|20160630|-13334.4
0|300317|20160630|-1033.55
0|002463|20160630|-4398.24
0|300174|20160630|-11220.0
1|603100|20160630|-669.0
0|300477|20160630|-2111.0
0|300232|20160630|-6120.0
0|300455|20160630|-4917.5
0|300471|20160630|-1400.7
0|300036|20160630|-11885.0
1|600401|20160630|-967.5
0|300295|20160630|-7360.92
0|300357|20160630|-3653.0
0|300436|20160630|-11670.0
0|300354|20160630|-520.8
0|300352|20160630|-6209.0
