0|002389|20160730|-1
0|002573|20160730|1
0|002379|20160730|-1
0|002502|20160730|-1
0|002271|20160730|1
0|002340|20160730|1
0|002575|20160730|1
0|002437|20160730|-1
0|000963|20160730|1
1|600811|20160730|-1
0|002514|20160730|-1
0|002632|20160730|1
0|000567|20160730|1
0|002416|20160730|1
0|300518|20160730|1
0|002586|20160730|1
0|002256|20160730|-1
0|002520|20160730|1
0|002439|20160730|-1
0|300069|20160730|-1
0|002260|20160730|1
0|002387|20160730|1
0|000534|20160730|1
0|000681|20160730|-1
0|002141|20160730|1
0|002451|20160730|-1
0|300322|20160730|-1
1|603318|20160730|1
0|002464|20160730|-1
0|002213|20160730|-1
0|000408|20160730|1
0|002360|20160730|-1
0|002215|20160730|1
1|600141|20160730|-1
0|002650|20160730|1
1|600290|20160730|1
1|600975|20160730|1
1|603003|20160730|1
1|600240|20160730|1
0|002312|20160730|1
0|000415|20160730|1
0|002652|20160730|1
1|601566|20160730|-1
0|002530|20160729|1
0|002378|20160729|-1
1|600351|20160729|1
0|002006|20160729|1
0|002539|20160729|-1
0|300232|20160729|-1
0|002311|20160729|-1
0|002273|20160729|1
0|002213|20160729|1
0|002055|20160729|1
1|601579|20160729|1
1|601028|20160729|1
0|000401|20160729|1
0|000692|20160729|-1
0|002429|20160729|-1
1|600208|20160729|1
0|300501|20160729|1
0|300196|20160729|1
0|000638|20160729|-1
0|002727|20160729|1
0|002771|20160729|1
0|000656|20160729|1
0|300134|20160729|-1
0|000536|20160729|-1
1|600338|20160729|-1
0|002047|20160729|1
0|002252|20160729|-1
0|000603|20160729|1
1|603369|20160729|-1
0|002681|20160729|-1
0|002412|20160729|1
1|833687|20160729|1
1|830946|20160729|1
1|833483|20160729|1
0|300116|20160729|1
0|430657|20160729|1
1|831195|20160729|1
1|831028|20160729|1
1|831028|20160729|-1
0|430365|20160729|1
0|430301|20160729|1
1|837245|20160729|1
1|833118|20160729|-1
1|835137|20160729|1
1|834071|20160729|1
1|832343|20160729|-1
1|834498|20160729|-1
0|300415|20160729|1
1|831692|20160729|1
0|430573|20160729|-1
0|430573|20160729|1
1|836644|20160729|1
0|300016|20160729|1
1|835154|20160729|1
0|300426|20160729|1
0|300426|20160729|1
0|300300|20160729|1
0|430682|20160729|1
1|833738|20160729|-1
0|300115|20160729|1
0|300279|20160729|1
0|430003|20160729|1
1|832569|20160729|1
1|833738|20160729|1
0|430003|20160729|1
0|430003|20160729|1
1|830947|20160729|1
0|430003|20160729|1
0|300234|20160729|1
0|300242|20160729|1
1|833483|20160729|1
0|430003|20160729|1
0|430266|20160729|1
0|430266|20160729|1
0|002654|20160729|1
1|601933|20160728|1
0|000420|20160728|-1
1|603077|20160728|1
0|000892|20160728|1
0|002390|20160728|1
0|300499|20160728|1
0|002637|20160728|1
0|002547|20160728|1
0|002766|20160728|1
0|002741|20160728|1
0|002143|20160728|1
0|000506|20160728|-1
0|002456|20160728|1
1|600869|20160728|-1
0|002228|20160728|-1
0|002611|20160728|1
1|600180|20160728|-1
0|300317|20160728|-1
0|300476|20160728|-1
0|300476|20160728|1
0|300116|20160728|1
0|300081|20160728|1
0|300291|20160728|1
1|835148|20160728|1
1|837049|20160728|1
0|430320|20160728|1
0|430320|20160728|-1
1|832103|20160728|1
1|833652|20160728|1
1|838006|20160728|1
1|836752|20160728|1
0|430724|20160728|-1
1|832175|20160728|1
0|300367|20160728|-1
1|833114|20160728|1
1|831195|20160728|-1
0|300207|20160728|-1
0|300207|20160728|1
1|833114|20160728|1
0|300197|20160728|-1
1|831839|20160728|1
1|831839|20160728|-1
1|832978|20160728|-1
0|300086|20160728|1
0|300339|20160728|-1
1|831733|20160728|1
1|834034|20160728|-1
0|002652|20160728|1
1|601566|20160728|-1
1|600227|20160727|-1
1|600746|20160727|-1
0|002225|20160727|1
0|002539|20160727|1
0|300013|20160727|1
0|002356|20160727|1
1|603998|20160727|-1
0|002738|20160727|1
1|600590|20160727|-1
1|603100|20160727|1
1|600759|20160727|-1
0|002671|20160727|1
0|002411|20160727|1
0|002424|20160727|1
1|600641|20160727|-1
1|600745|20160727|-1
0|002217|20160727|1
1|600711|20160727|-1
1|600978|20160727|1
0|002584|20160727|-1
0|000829|20160727|1
0|002108|20160727|1
0|002035|20160727|-1
1|600555|20160727|1
1|900955|20160727|1
0|002207|20160727|1
1|603003|20160727|1
0|300119|20160727|1
0|300119|20160727|1
0|002745|20160727|1
0|300476|20160727|1
0|002151|20160727|-1
0|002255|20160727|-1
0|300278|20160727|-1
0|300255|20160727|1
0|300194|20160727|1
1|833508|20160727|1
0|300230|20160727|1
1|834726|20160727|1
1|832184|20160727|1
1|832184|20160727|1
0|300283|20160727|1
1|837647|20160727|1
0|300043|20160727|-1
0|300443|20160727|1
0|300207|20160727|-1
1|833966|20160727|1
0|430444|20160727|1
1|832485|20160727|1
1|834138|20160727|1
0|300337|20160727|1
1|831983|20160727|1
0|300152|20160727|-1
1|834894|20160727|1
1|832382|20160727|-1
1|835627|20160727|1
1|835627|20160727|1
1|832650|20160727|1
1|600227|20160726|1
1|600532|20160726|1
0|002172|20160726|-1
1|600853|20160726|1
0|002496|20160726|-1
0|300167|20160726|-1
0|002269|20160726|-1
0|002681|20160726|-1
0|002215|20160726|-1
0|000534|20160726|1
0|002519|20160726|1
0|002356|20160726|-1
1|603555|20160726|-1
0|002263|20160726|-1
0|002076|20160726|1
0|000718|20160726|1
0|000030|20160726|-1
0|200030|20160726|-1
0|002574|20160726|-1
0|000546|20160726|-1
0|002069|20160726|-1
0|000662|20160726|1
0|002437|20160726|-1
0|300368|20160726|1
0|300368|20160726|1
0|002289|20160726|1
0|002390|20160726|-1
0|300467|20160726|1
1|600256|20160726|-1
1|600634|20160726|-1
0|000509|20160726|1
0|002432|20160726|-1
0|300266|20160726|1
0|002279|20160726|-1
0|300308|20160726|1
0|300209|20160726|-1
0|300110|20160726|1
0|300047|20160726|1
0|300040|20160726|-1
0|300116|20160726|1
1|832243|20160726|1
0|300075|20160726|-1
0|300363|20160726|1
1|831752|20160726|1
1|832692|20160726|1
1|830815|20160726|1
0|300003|20160726|-1
0|300207|20160726|1
0|300100|20160726|1
0|300237|20160726|-1
1|900955|20160725|1
1|601137|20160725|1
1|600555|20160725|1
0|300450|20160725|1
0|300292|20160725|-1
0|300031|20160725|1
0|002503|20160725|1
1|831302|20160725|1
1|835347|20160725|1
0|300256|20160725|1
0|300149|20160725|-1
0|300290|20160725|-1
0|300116|20160725|1
0|300214|20160725|1
1|836455|20160725|1
0|300242|20160725|1
0|300261|20160725|-1
1|837005|20160725|1
0|300407|20160725|1
1|830872|20160725|-1
0|300279|20160725|-1
0|300075|20160725|1
1|831126|20160725|1
1|834023|20160725|1
1|837883|20160725|1
0|300133|20160725|1
0|002460|20160723|1
0|000961|20160723|-1
0|002545|20160723|-1
0|002245|20160723|-1
0|002755|20160723|1
0|002626|20160723|-1
0|002554|20160723|1
0|002113|20160723|1
0|002491|20160723|1
0|300013|20160723|1
0|002390|20160723|1
1|600853|20160723|1
1|601012|20160723|1
1|601566|20160723|1
1|603001|20160723|1
1|603158|20160723|1
0|002530|20160723|-1
1|600297|20160723|1
0|000683|20160723|1
0|002146|20160723|1
1|600208|20160723|-1
0|300432|20160723|1
0|000546|20160723|-1
0|002639|20160723|1
0|002309|20160723|-1
0|000937|20160723|1
0|300059|20160723|-1
0|200056|20160723|1
0|000056|20160723|1
0|000810|20160723|1
1|600555|20160723|-1
1|900955|20160723|-1
1|600332|20160723|1
0|002699|20160723|1
0|002706|20160722|-1
0|002310|20160722|1
0|002290|20160722|1
0|002342|20160722|1
0|002480|20160722|1
1|603555|20160722|1
1|600891|20160722|-1
0|002203|20160722|1
0|300062|20160722|1
1|601566|20160722|1
1|600112|20160722|1
0|002560|20160722|1
0|002309|20160722|-1
0|002424|20160722|-1
0|002605|20160722|-1
1|600538|20160722|1
1|600892|20160722|-1
0|002436|20160722|-1
0|000546|20160722|1
0|000713|20160722|1
0|002343|20160722|1
0|002180|20160722|1
0|300059|20160722|1
1|600594|20160722|-1
1|600595|20160722|1
1|600231|20160722|1
1|600594|20160722|1
0|002228|20160722|-1
0|002714|20160722|1
0|000933|20160722|1
0|002285|20160722|1
0|300117|20160722|1
0|002622|20160722|1
0|002551|20160722|-1
0|002173|20160722|1
0|002541|20160722|1
0|300149|20160722|1
0|002311|20160722|1
0|300340|20160722|-1
1|830880|20160722|-1
0|300210|20160722|-1
1|836199|20160722|1
0|300202|20160722|1
0|300116|20160722|-1
0|300278|20160722|1
1|836222|20160722|1
1|836222|20160722|-1
0|300374|20160722|-1
1|836769|20160722|1
0|300254|20160722|1
1|831866|20160722|1
0|300237|20160722|1
1|835882|20160722|1
1|835882|20160722|1
0|300149|20160722|-1
1|837233|20160722|1
0|300036|20160722|1
0|300036|20160722|-1
0|000078|20160721|-1
0|002671|20160721|-1
0|000761|20160721|1
0|200761|20160721|1
0|002236|20160721|-1
0|002554|20160721|-1
0|002586|20160721|1
0|002094|20160721|1
0|000816|20160721|1
0|002571|20160721|-1
1|600348|20160721|1
1|600537|20160721|-1
1|603077|20160721|1
0|002436|20160721|1
0|002436|20160721|1
1|600227|20160721|1
1|600378|20160721|1
0|000158|20160721|-1
0|002709|20160721|1
0|300013|20160721|1
0|000975|20160721|-1
0|002570|20160721|1
0|002681|20160721|-1
0|002290|20160721|1
1|900940|20160721|-1
1|600094|20160721|-1
1|600869|20160721|-1
0|000546|20160721|-1
0|000732|20160721|1
0|002256|20160721|1
0|002263|20160721|-1
0|300028|20160721|-1
0|002509|20160721|-1
1|600408|20160721|1
1|600290|20160721|1
0|002541|20160721|-1
0|000520|20160721|1
1|600817|20160721|-1
1|603166|20160721|1
0|000415|20160721|1
0|300290|20160721|-1
0|300158|20160721|1
0|300464|20160721|1
0|002694|20160721|-1
1|836273|20160721|1
0|300122|20160721|1
1|836269|20160721|1
1|832653|20160721|1
1|831098|20160721|1
0|300116|20160721|1
1|837481|20160721|1
0|300448|20160721|-1
1|831098|20160721|1
0|300278|20160721|-1
1|831200|20160721|1
1|834928|20160721|1
0|300363|20160721|1
1|832308|20160721|1
0|300197|20160721|1
0|300431|20160721|-1
1|836451|20160721|1
0|300279|20160721|1
0|300071|20160721|-1
0|300071|20160721|1
0|300459|20160721|1
0|300459|20160721|1
0|002342|20160720|-1
0|002083|20160720|-1
0|300467|20160720|1
0|002709|20160720|1
1|600979|20160720|1
1|600759|20160720|1
1|600615|20160720|1
0|002524|20160720|1
0|002245|20160720|-1
1|603828|20160720|1
0|002309|20160720|1
0|002541|20160720|1
0|300167|20160720|-1
0|002450|20160720|-1
1|600978|20160720|1
1|600666|20160720|1
1|600594|20160720|1
0|002047|20160720|1
0|300301|20160720|1
0|002007|20160720|1
1|600594|20160720|-1
1|600687|20160720|-1
1|600382|20160720|1
1|600543|20160720|1
0|000826|20160720|1
0|002357|20160720|-1
0|002624|20160720|1
0|002384|20160720|1
0|002424|20160720|1
0|300048|20160720|-1
0|300203|20160720|-1
1|835601|20160720|-1
0|300283|20160720|-1
1|833646|20160720|1
1|834795|20160720|1
1|835601|20160720|1
0|300083|20160720|1
0|300370|20160720|-1
0|300501|20160720|-1
0|300130|20160720|-1
0|300133|20160720|-1
1|830849|20160720|-1
1|832288|20160720|1
0|300110|20160720|1
0|300001|20160720|1
1|836132|20160720|1
1|833585|20160720|1
1|832629|20160720|1
1|833261|20160720|1
1|833261|20160720|1
1|600136|20160719|1
0|000655|20160719|1
0|002598|20160719|-1
1|601677|20160719|1
0|002650|20160719|1
0|002539|20160719|1
0|002384|20160719|1
0|000038|20160719|1
0|002491|20160719|-1
0|000812|20160719|1
0|002640|20160719|-1
0|002433|20160719|-1
1|601106|20160719|1
0|300467|20160719|1
1|600828|20160719|1
0|002370|20160719|1
0|002452|20160719|-1
0|000546|20160719|1
0|002356|20160719|-1
0|300119|20160719|-1
1|600188|20160719|1
1|600654|20160719|-1
1|600382|20160719|1
1|600180|20160719|1
1|600728|20160719|1
1|601106|20160719|1
1|601216|20160719|-1
0|002193|20160719|1
0|002789|20160719|1
0|300013|20160719|1
1|835904|20160719|1
0|430682|20160719|-1
1|831130|20160719|-1
1|831399|20160719|1
1|832183|20160719|-1
1|836824|20160719|1
1|830796|20160719|1
1|830796|20160719|1
0|430172|20160719|-1
0|300474|20160719|1
0|300209|20160719|-1
1|836471|20160719|1
0|300225|20160719|1
1|836375|20160719|1
0|300156|20160719|1
0|300074|20160719|1
0|300133|20160719|1
0|300287|20160719|-1
1|832155|20160719|1
1|601777|20160718|1
0|002012|20160718|-1
0|300069|20160718|-1
0|430730|20160718|1
0|300058|20160718|1
1|830783|20160718|-1
1|831267|20160718|1
0|300116|20160718|-1
0|300043|20160718|-1
0|300101|20160718|-1
0|300031|20160718|1
0|300031|20160718|-1
0|300290|20160718|1
0|300297|20160718|1
0|300279|20160718|-1
0|300464|20160718|-1
0|300287|20160718|-1
0|300239|20160718|1
0|300343|20160718|-1
1|834441|20160718|1
1|831963|20160718|1
1|834226|20160718|-1
1|834541|20160718|1
1|834541|20160718|1
1|831768|20160718|1
1|832076|20160718|1
1|836600|20160718|1
1|836222|20160718|-1
1|836222|20160718|1
1|833382|20160718|1
1|832444|20160718|1
1|600869|20160718|-1
0|002560|20160716|1
0|002654|20160716|-1
0|002083|20160716|1
0|002356|20160716|-1
0|000009|20160716|-1
0|000752|20160716|1
1|600576|20160716|1
1|600588|20160716|-1
0|002102|20160716|-1
0|002131|20160716|1
0|002239|20160716|1
0|002346|20160716|1
0|002157|20160716|1
0|000976|20160716|1
0|002554|20160716|1
0|000008|20160716|1
0|002313|20160716|-1
0|002491|20160716|-1
0|002590|20160716|-1
0|002359|20160716|-1
0|002485|20160716|1
0|002721|20160716|1
0|000555|20160716|1
1|600803|20160716|1
1|601012|20160716|1
1|600074|20160716|1
0|000429|20160716|1
0|200429|20160716|1
0|000534|20160716|1
0|002631|20160716|-1
0|002517|20160716|1
0|002426|20160716|1
1|603300|20160716|1
1|600975|20160716|-1
1|600870|20160716|1
1|600067|20160716|-1
1|600885|20160716|1
0|000429|20160716|1
0|200429|20160716|1
0|000681|20160716|1
1|600136|20160716|1
0|300505|20160715|1
0|002359|20160715|1
0|002398|20160715|-1
0|002390|20160715|-1
1|600509|20160715|-1
0|002384|20160715|1
0|002239|20160715|-1
0|002099|20160715|1
0|002510|20160715|-1
0|002011|20160715|-1
0|000937|20160715|1
1|600572|20160715|-1
1|603589|20160715|-1
0|002727|20160715|1
0|002671|20160715|1
0|000723|20160715|1
0|000760|20160715|1
0|300108|20160715|1
0|300108|20160715|-1
0|002358|20160715|1
0|300322|20160715|-1
0|002151|20160715|-1
0|002424|20160715|-1
0|002097|20160715|1
0|002199|20160715|1
0|002256|20160715|-1
0|300251|20160715|1
1|600532|20160715|-1
1|600086|20160715|-1
1|600518|20160715|1
1|600682|20160715|-1
0|002417|20160715|1
0|002672|20160715|1
0|300376|20160715|-1
0|300167|20160715|1
0|002102|20160715|-1
0|000953|20160715|1
0|000035|20160715|1
0|000810|20160715|1
0|000007|20160715|-1
0|300220|20160715|1
0|300321|20160715|-1
0|300091|20160715|1
1|832381|20160715|1
1|837741|20160715|1
0|300209|20160715|1
1|831679|20160715|1
1|831963|20160715|1
1|833305|20160715|1
1|834999|20160715|1
1|834046|20160715|1
0|300152|20160715|1
0|300283|20160715|1
0|300197|20160715|-1
1|832396|20160715|1
0|430400|20160715|1
1|834117|20160715|1
1|832655|20160715|1
1|832674|20160715|1
1|831463|20160715|-1
1|835574|20160715|1
1|834207|20160715|1
0|300237|20160715|1
1|835491|20160715|1
0|300495|20160715|1
1|832909|20160715|1
1|600885|20160714|-1
1|600743|20160714|1
1|600079|20160714|-1
1|601222|20160714|-1
1|600997|20160714|1
1|601012|20160714|1
0|002196|20160714|1
0|002619|20160714|1
0|002637|20160714|1
0|002380|20160714|-1
0|002512|20160714|-1
0|002384|20160714|1
1|601777|20160714|1
0|300175|20160714|1
0|300175|20160714|1
1|603600|20160714|1
1|603766|20160714|-1
1|603555|20160714|-1
0|000818|20160714|1
0|002533|20160714|1
0|000012|20160714|1
0|200012|20160714|1
0|002141|20160714|1
0|002089|20160714|-1
0|002583|20160714|-1
1|600105|20160714|1
0|000585|20160714|1
0|002604|20160714|1
0|000592|20160714|1
0|002772|20160714|1
0|300266|20160714|1
0|000908|20160714|1
0|000002|20160714|1
0|002362|20160714|1
0|300091|20160714|-1
0|000686|20160714|-1
0|002724|20160714|-1
1|830962|20160714|1
0|300262|20160714|-1
0|300405|20160714|1
1|830819|20160714|-1
0|300481|20160714|1
0|300401|20160714|1
1|834333|20160714|1
1|831950|20160714|1
1|830806|20160714|1
1|830806|20160714|1
1|836499|20160714|1
1|836375|20160714|1
0|300377|20160714|1
1|836151|20160714|1
0|430729|20160714|1
1|833159|20160714|1
1|833159|20160714|1
1|833159|20160714|1
0|300287|20160714|-1
1|831963|20160714|1
0|300431|20160714|1
0|300502|20160714|1
1|836334|20160714|1
1|833159|20160714|1
0|300158|20160714|1
0|002359|20160713|1
0|000679|20160713|1
0|000679|20160713|-1
0|000533|20160713|-1
0|002650|20160713|1
0|300201|20160713|1
0|002539|20160713|1
0|002596|20160713|1
0|000078|20160713|1
1|603308|20160713|1
0|300044|20160713|1
0|002145|20160713|1
1|600208|20160713|-1
0|002102|20160713|-1
0|002055|20160713|-1
0|002485|20160713|-1
1|600338|20160713|1
0|002370|20160713|-1
1|600260|20160713|1
0|002311|20160713|-1
1|600565|20160713|1
0|002741|20160713|1
1|600485|20160713|1
0|002597|20160713|-1
1|601311|20160713|-1
0|002464|20160713|1
0|002083|20160713|-1
0|000534|20160713|-1
0|002289|20160713|-1
0|002641|20160713|1
0|300197|20160713|-1
1|600378|20160713|-1
1|601918|20160713|1
1|600566|20160713|1
1|600870|20160713|-1
1|603898|20160713|1
0|300303|20160713|1
0|002249|20160713|1
0|300322|20160713|-1
0|000546|20160713|-1
0|002108|20160713|1
0|300384|20160713|-1
0|002486|20160713|1
0|300132|20160713|-1
0|300423|20160713|-1
1|836824|20160713|1
1|833534|20160713|1
1|831046|20160713|1
0|300374|20160713|1
0|300407|20160713|1
0|300149|20160713|1
0|300370|20160713|1
0|300131|20160713|1
1|834177|20160713|-1
0|300087|20160713|1
1|834656|20160713|1
0|430123|20160713|-1
0|300030|20160713|1
0|300011|20160713|1
0|300362|20160713|1
1|831686|20160713|1
1|831686|20160713|1
1|600136|20160713|1
0|002424|20160713|1
0|002383|20160712|1
0|002502|20160712|1
0|002165|20160712|1
0|300270|20160712|-1
0|300008|20160712|-1
0|002196|20160712|-1
0|002286|20160712|-1
0|300127|20160712|-1
0|002108|20160712|-1
1|600572|20160712|-1
1|600565|20160712|1
0|002507|20160712|1
0|002379|20160712|-1
0|002708|20160712|-1
0|200613|20160712|-1
0|000613|20160712|-1
0|002263|20160712|1
0|002583|20160712|1
0|002162|20160712|-1
0|000681|20160712|-1
0|002388|20160712|1
0|000762|20160712|-1
0|000806|20160712|1
1|601216|20160712|1
1|603606|20160712|1
0|000558|20160712|-1
0|300178|20160712|-1
0|002431|20160712|-1
1|600687|20160712|-1
0|002507|20160712|1
0|300091|20160712|-1
0|002078|20160712|-1
0|002402|20160712|-1
0|002178|20160712|-1
1|832076|20160712|-1
0|430748|20160712|1
1|831367|20160712|1
1|833048|20160712|1
1|830795|20160712|1
0|430748|20160712|1
1|833435|20160712|-1
1|832418|20160712|-1
1|834207|20160712|1
1|830795|20160712|-1
1|834207|20160712|-1
1|833690|20160712|1
1|832232|20160712|1
0|300340|20160712|1
0|300513|20160712|1
0|300110|20160712|-1
1|833690|20160712|1
1|831569|20160712|1
0|300496|20160712|-1
0|300207|20160712|-1
1|833585|20160712|1
0|430181|20160712|-1
0|430137|20160712|1
1|833707|20160712|1
1|832882|20160712|1
1|833315|20160712|1
0|430095|20160712|1
0|430095|20160712|1
0|430276|20160712|1
0|430276|20160712|1
0|430518|20160712|1
1|835674|20160712|1
1|834459|20160712|1
1|834459|20160712|1
1|834459|20160712|1
0|300252|20160712|-1
1|832854|20160712|1
0|300170|20160712|1
0|002729|20160711|1
0|002688|20160711|1
0|300292|20160711|-1
0|300210|20160711|1
0|300237|20160711|-1
1|835218|20160711|1
1|830966|20160711|-1
1|830966|20160711|1
1|834969|20160711|1
0|300123|20160711|1
0|300352|20160711|-1
0|300067|20160711|-1
0|300299|20160711|1
1|831028|20160711|-1
0|430617|20160711|1
0|430452|20160711|1
1|834961|20160711|1
1|832316|20160711|1
1|837054|20160711|1
1|836878|20160711|1
0|300359|20160711|1
1|831963|20160711|-1
1|600208|20160709|-1
0|000732|20160709|1
1|603589|20160709|1
0|002605|20160709|-1
1|600803|20160709|-1
0|002286|20160709|1
1|601599|20160709|1
1|600856|20160709|1
1|600022|20160709|1
0|002481|20160709|1
0|300210|20160709|-1
0|002512|20160709|1
0|002174|20160709|1
0|002495|20160709|1
0|002496|20160709|-1
0|002160|20160709|1
0|300423|20160709|1
1|600074|20160709|-1
0|300311|20160709|1
0|000672|20160709|-1
0|002323|20160709|1
1|600188|20160709|1
1|600696|20160709|1
0|000975|20160709|-1
0|000662|20160709|1
1|600074|20160709|-1
1|601567|20160709|1
0|002288|20160709|1
1|603779|20160709|1
0|002384|20160709|1
0|000893|20160709|-1
1|831754|20160708|1
1|837433|20160708|1
0|000662|20160708|1
0|002099|20160708|-1
0|002387|20160708|-1
1|600867|20160708|1
0|002607|20160708|-1
0|300499|20160708|1
0|000838|20160708|1
0|002545|20160708|-1
0|002723|20160708|-1
0|002583|20160708|-1
1|600988|20160708|-1
0|002035|20160708|-1
0|002354|20160708|1
0|002687|20160708|1
0|300069|20160708|1
1|900940|20160708|1
1|600094|20160708|1
1|600743|20160708|1
0|000534|20160708|-1
1|600090|20160708|-1
1|600090|20160708|1
0|002301|20160708|1
0|000932|20160708|1
0|300213|20160708|-1
0|000806|20160708|-1
1|600869|20160708|-1
0|000159|20160708|1
0|002646|20160708|-1
1|600109|20160708|-1
0|002481|20160708|1
0|300128|20160708|-1
0|002323|20160708|1
0|002390|20160708|1
0|300252|20160708|1
0|300349|20160708|1
0|300252|20160708|-1
1|837381|20160708|1
1|831929|20160708|1
0|300158|20160708|-1
0|300091|20160708|-1
0|300370|20160708|1
0|300370|20160708|1
0|300093|20160708|-1
1|833106|20160708|1
0|300338|20160708|1
1|837679|20160708|1
1|837110|20160708|1
0|300497|20160708|1
1|837538|20160708|1
1|831126|20160708|1
1|831126|20160708|-1
1|834384|20160708|1
0|430253|20160708|1
1|836353|20160708|1
1|837225|20160708|1
1|831529|20160708|-1
0|300278|20160708|1
1|834632|20160708|1
1|834632|20160708|1
1|834632|20160708|1
0|300106|20160708|1
1|833193|20160708|1
0|430172|20160708|-1
0|002436|20160707|-1
1|600605|20160707|1
1|600766|20160707|-1
0|300384|20160707|1
0|002269|20160707|1
0|002360|20160707|1
1|603003|20160707|-1
0|002426|20160707|-1
0|002388|20160707|-1
0|002354|20160707|1
1|600743|20160707|1
0|002174|20160707|-1
0|300088|20160707|1
0|002653|20160707|-1
1|600965|20160707|1
1|900940|20160707|-1
1|600094|20160707|-1
0|002458|20160707|-1
0|002289|20160707|-1
0|002151|20160707|-1
0|300311|20160707|1
0|002418|20160707|-1
0|300292|20160707|1
0|002367|20160707|1
0|300294|20160707|1
0|000935|20160707|-1
0|002557|20160707|1
1|837741|20160707|1
1|833362|20160707|1
0|300234|20160707|1
0|300130|20160707|1
1|831804|20160707|1
1|836824|20160707|-1
1|837089|20160707|1
0|300428|20160707|1
1|832469|20160707|1
1|836476|20160707|-1
1|831529|20160707|1
0|300321|20160707|1
0|300287|20160707|-1
1|831061|20160707|1
1|832870|20160707|1
0|002083|20160706|1
0|002196|20160706|1
0|002337|20160706|-1
0|000672|20160706|1
0|300466|20160706|1
0|002599|20160706|1
0|002602|20160706|-1
0|000401|20160706|-1
0|002650|20160706|-1
0|002012|20160706|-1
0|002533|20160706|-1
0|300019|20160706|1
0|000407|20160706|1
0|300026|20160706|1
0|002797|20160706|1
0|002055|20160706|1
0|002384|20160706|-1
0|000981|20160706|-1
0|002776|20160706|-1
0|002329|20160706|1
1|600180|20160706|-1
0|300175|20160706|1
0|002174|20160706|-1
0|002217|20160706|-1
0|300400|20160706|-1
1|600605|20160706|1
0|002288|20160706|-1
0|300478|20160706|1
0|002359|20160706|1
1|836405|20160706|1
0|300199|20160706|-1
1|831419|20160706|1
0|300262|20160706|-1
0|300427|20160706|-1
0|300101|20160706|-1
0|300123|20160706|1
0|300278|20160706|-1
0|300067|20160706|1
0|300256|20160706|1
0|300182|20160706|-1
1|834586|20160706|-1
1|834586|20160706|1
1|833278|20160706|-1
0|300287|20160706|-1
1|833632|20160706|1
0|300492|20160706|1
0|300324|20160706|-1
0|300237|20160706|-1
0|300071|20160706|1
1|831562|20160706|1
1|833288|20160706|-1
1|600232|20160705|-1
1|600353|20160705|1
1|600558|20160705|-1
0|000967|20160705|1
0|002252|20160705|-1
0|000736|20160705|-1
1|833632|20160705|1
0|300132|20160705|1
1|600817|20160705|1
0|002771|20160705|-1
0|002512|20160705|-1
0|000401|20160705|-1
1|600410|20160705|-1
1|600766|20160705|-1
1|600139|20160705|-1
1|600766|20160705|1
0|002605|20160705|-1
0|002717|20160705|1
1|603589|20160705|1
0|000593|20160705|-1
0|002036|20160705|1
0|002436|20160705|1
0|002583|20160705|-1
0|300423|20160705|-1
0|000971|20160705|1
0|002670|20160705|1
0|000752|20160705|-1
0|002708|20160705|1
1|600219|20160705|-1
0|000558|20160705|1
0|002535|20160705|-1
1|601901|20160705|-1
0|300238|20160705|1
0|300478|20160705|1
0|300063|20160705|1
0|300301|20160705|1
0|300299|20160705|-1
0|300299|20160705|1
1|832328|20160705|1
1|830795|20160705|1
1|830795|20160705|-1
0|300040|20160705|-1
0|300410|20160705|-1
1|833472|20160705|1
1|831744|20160705|-1
1|834226|20160705|-1
1|835163|20160705|1
0|300143|20160705|1
1|834109|20160705|1
1|831417|20160705|1
0|300324|20160705|1
1|837679|20160705|1
1|833197|20160705|1
0|430431|20160705|-1
0|430365|20160704|-1
1|832555|20160704|1
1|832001|20160704|1
1|832295|20160704|1
1|837188|20160704|1
0|300340|20160704|1
0|300383|20160704|-1
1|832686|20160704|1
0|430569|20160704|1
0|300254|20160704|1
0|300370|20160704|-1
1|831101|20160704|1
0|300501|20160704|1
0|300346|20160704|1
0|300197|20160704|1
1|837097|20160704|1
0|300185|20160704|-1
1|834498|20160704|1
0|300410|20160704|1
0|300168|20160704|1
0|430057|20160704|1
0|002640|20160702|1
1|600209|20160702|-1
0|002076|20160702|-1
0|002225|20160702|-1
0|002738|20160702|1
1|600867|20160702|1
1|600856|20160702|-1
0|002455|20160702|-1
0|002239|20160702|1
0|002210|20160702|1
0|002617|20160702|1
0|002089|20160702|-1
0|002310|20160702|-1
0|002464|20160702|1
0|300134|20160702|1
1|600340|20160702|1
1|600336|20160702|-1
0|000534|20160702|-1
1|600249|20160702|1
1|601311|20160702|1
1|603883|20160702|-1
1|600093|20160702|1
0|002545|20160702|-1
0|002311|20160702|-1
0|000533|20160702|-1
0|000078|20160702|1
0|002514|20160702|-1
0|300162|20160702|1
0|002496|20160702|1
0|002694|20160702|-1
0|002437|20160702|1
0|002481|20160702|-1
0|000571|20160702|1
0|300467|20160702|1
0|002069|20160702|-1
1|603998|20160702|1
1|600208|20160702|-1
1|600346|20160702|1
1|600730|20160702|-1
0|002398|20160702|1
0|000768|20160702|-1
0|002775|20160702|1
0|000802|20160702|1
0|000681|20160702|1
1|600252|20160702|1
1|834034|20160701|1
1|600070|20160701|1
1|600734|20160701|1
1|603609|20160701|1
1|600375|20160701|-1
0|002288|20160701|-1
0|002288|20160701|1
1|600136|20160701|-1
1|600243|20160701|1
0|002770|20160701|1
1|600743|20160701|1
0|002626|20160701|-1
0|002341|20160701|-1
0|002211|20160701|1
1|600112|20160701|-1
0|002612|20160701|-1
0|002502|20160701|1
1|600105|20160701|1
0|002295|20160701|1
0|002131|20160701|-1
0|300411|20160701|1
0|300294|20160701|-1
0|000967|20160701|1
0|002588|20160701|1
0|002416|20160701|1
0|002147|20160701|-1
0|002348|20160701|1
0|300215|20160701|1
0|002215|20160701|1
0|000975|20160701|-1
0|000975|20160701|1
0|300173|20160701|1
0|002145|20160701|1
0|300020|20160701|1
0|000723|20160701|1
0|000681|20160701|-1
0|002656|20160701|1
0|300381|20160701|1
0|002021|20160701|1
0|300496|20160701|1
1|600318|20160701|1
1|600180|20160701|-1
1|600543|20160701|1
1|603030|20160701|1
1|600870|20160701|1
0|000937|20160701|1
0|000971|20160701|1
0|002560|20160701|1
0|002121|20160701|1
0|002137|20160701|1
1|600869|20160701|1
1|600558|20160701|1
0|002624|20160701|1
0|300216|20160701|-1
0|000509|20160701|1
0|000564|20160701|1
0|300212|20160701|-1
0|300459|20160701|1
1|600605|20160701|-1
0|002654|20160701|1
0|002510|20160701|-1
0|002359|20160701|1
0|000612|20160701|-1
0|002646|20160701|1
1|832837|20160701|1
1|831209|20160701|1
1|831209|20160701|1
1|831209|20160701|1
1|832587|20160701|-1
1|831712|20160701|1
0|300210|20160701|1
0|300004|20160701|-1
0|300505|20160701|1
0|300132|20160701|1
0|430440|20160701|1
0|300352|20160701|1
1|832380|20160701|1
0|300402|20160701|-1
0|430318|20160701|1
0|300023|20160701|-1
0|300427|20160701|1
0|300214|20160701|-1
1|834955|20160701|1
0|430565|20160701|1
0|300143|20160701|1
0|300237|20160701|1
1|833039|20160701|1
1|836026|20160701|1
0|430249|20160701|1
0|002236|20160630|-1
1|600285|20160630|1
0|002458|20160630|1
0|002634|20160630|-1
1|600242|20160630|1
0|002770|20160630|-1
0|002779|20160630|1
0|002776|20160630|1
0|002797|20160630|1
0|300328|20160630|1
0|002554|20160630|1
0|300237|20160630|1
0|002196|20160630|-1
0|002245|20160630|-1
0|000659|20160630|-1
0|002292|20160630|-1
0|002228|20160630|-1
0|002069|20160630|-1
0|300040|20160630|-1
0|000981|20160630|-1
1|600467|20160630|1
0|300113|20160630|-1
0|002798|20160630|1
0|002437|20160630|-1
1|600289|20160630|1
0|000564|20160630|-1
0|002426|20160630|1
0|300308|20160630|1
0|002549|20160630|1
0|002693|20160630|1
0|300004|20160630|1
1|835027|20160630|1
1|836711|20160630|1
0|300240|20160630|1
0|430544|20160630|-1
1|832873|20160630|1
1|836375|20160630|1
1|834762|20160630|1
1|834955|20160630|-1
1|835632|20160630|1
1|835632|20160630|1
0|300336|20160630|-1
0|430415|20160630|1
1|831529|20160630|1
0|300376|20160630|1
1|835814|20160630|1
1|834368|20160630|1
0|430443|20160630|1
0|300001|20160630|1
0|300426|20160630|1
1|830936|20160630|1
0|300299|20160630|-1
0|300299|20160630|1
0|300502|20160630|1
0|430443|20160630|1
1|600605|20160630|1
0|002436|20160630|-1
1|832230|20160629|1
1|603919|20160629|1
1|603669|20160629|-1
1|600398|20160629|1
0|002287|20160629|1
0|002310|20160629|1
1|600998|20160629|1
1|603117|20160629|1
0|300108|20160629|-1
0|300062|20160629|1
0|300312|20160629|1
0|000672|20160629|-1
0|002602|20160629|1
0|002425|20160629|1
1|603799|20160629|1
0|002721|20160629|1
1|600282|20160629|1
0|002483|20160629|1
0|002658|20160629|1
0|300026|20160629|-1
0|300467|20160629|1
0|002797|20160629|1
0|300184|20160629|1
0|000671|20160629|1
0|000815|20160629|1
0|002583|20160629|-1
0|300303|20160629|1
0|002519|20160629|1
1|603996|20160629|1
1|603010|20160629|1
0|002108|20160629|1
0|300178|20160629|-1
0|002171|20160629|1
0|002466|20160629|-1
0|002389|20160629|-1
0|002551|20160629|-1
0|300308|20160629|1
0|002021|20160629|1
0|300449|20160629|1
0|300346|20160629|-1
0|300263|20160629|1
0|300337|20160629|1
1|834279|20160629|1
1|833077|20160629|1
1|833077|20160629|1
0|300297|20160629|-1
1|833385|20160629|1
1|833385|20160629|1
1|831275|20160629|1
1|831672|20160629|-1
0|300492|20160629|1
1|833832|20160629|1
1|835005|20160629|1
0|300278|20160629|1
1|831531|20160629|-1
1|830959|20160629|1
0|430372|20160629|-1
1|832230|20160629|1
0|430518|20160629|1
1|832650|20160628|-1
1|600388|20160628|1
1|600273|20160628|-1
1|603077|20160628|1
1|600438|20160628|1
1|600575|20160628|1
1|600867|20160628|1
0|002456|20160628|-1
1|600873|20160628|1
1|600137|20160628|-1
0|002126|20160628|-1
0|000715|20160628|1
1|600522|20160628|-1
0|002505|20160628|1
0|002519|20160628|1
1|603003|20160628|1
0|300127|20160628|1
0|000639|20160628|1
0|300441|20160628|1
0|002076|20160628|1
1|600090|20160628|1
0|300322|20160628|1
0|002288|20160628|1
0|002263|20160628|1
0|002021|20160628|-1
0|002573|20160628|1
1|600175|20160628|-1
1|600175|20160628|1
0|300013|20160628|1
0|002020|20160628|1
0|002280|20160628|1
1|603003|20160628|1
1|603669|20160628|-1
0|002075|20160628|-1
1|600599|20160628|1
1|600873|20160628|1
0|000683|20160628|-1
0|300184|20160628|-1
0|300051|20160628|-1
0|002228|20160628|1
0|300301|20160628|1
0|002069|20160628|-1
0|002210|20160628|-1
0|002624|20160628|1
0|000506|20160628|-1
0|000401|20160628|-1
0|002418|20160628|-1
0|000415|20160628|1
0|002570|20160628|1
0|002361|20160628|1
0|300232|20160628|-1
1|834279|20160628|1
0|300367|20160628|-1
0|300224|20160628|1
1|833451|20160628|1
1|833862|20160628|1
1|832877|20160628|1
1|834556|20160628|1
0|300414|20160628|1
1|831107|20160628|1
0|300203|20160628|1
1|832535|20160628|1
1|833140|20160628|1
1|833087|20160628|1
0|300037|20160628|-1
1|834955|20160628|1
1|834384|20160628|-1
1|834384|20160628|1
1|834215|20160628|1
0|300335|20160628|-1
0|000622|20160627|1
0|002598|20160627|1
0|300459|20160627|1
0|002480|20160627|1
0|002705|20160627|-1
0|002412|20160627|-1
0|002551|20160627|1
1|836758|20160627|1
1|837610|20160627|1
1|832014|20160627|1
0|300383|20160627|-1
0|300133|20160627|1
0|300207|20160627|-1
1|836199|20160627|-1
0|300208|20160627|1
0|300210|20160627|-1
1|833435|20160627|-1
0|300268|20160627|-1
0|300278|20160627|1
1|836199|20160627|1
1|833435|20160627|1
1|835622|20160627|1
0|430508|20160627|-1
1|833496|20160627|-1
0|300370|20160627|1
0|430752|20160627|1
1|833753|20160627|-1
1|831456|20160627|1
1|836752|20160627|1
1|831672|20160627|1
1|837425|20160627|1
0|300356|20160627|-1
1|832650|20160627|1
0|300495|20160627|1
1|831679|20160627|-1
1|831679|20160627|1
0|300237|20160627|-1
1|832650|20160627|1
1|832650|20160627|-1
1|603198|20160625|-1
1|600438|20160625|-1
0|000762|20160625|1
0|002174|20160625|1
0|002261|20160625|-1
0|002026|20160625|1
0|002231|20160625|1
0|000672|20160625|-1
0|300403|20160625|1
0|002675|20160625|1
1|600074|20160625|-1
0|002099|20160625|1
0|002364|20160625|1
0|002727|20160625|1
1|603589|20160625|1
0|300376|20160625|1
0|002260|20160625|1
0|002446|20160625|-1
0|000506|20160625|-1
0|002219|20160625|-1
0|002555|20160625|1
0|002145|20160625|-1
0|002665|20160625|-1
0|300467|20160625|1
0|300368|20160625|1
1|600186|20160625|1
1|600870|20160625|-1
0|000034|20160625|1
0|000413|20160625|1
0|200413|20160625|1
0|000686|20160625|1
0|000639|20160625|-1
0|002797|20160625|1
0|002329|20160625|1
0|002092|20160625|1
0|300400|20160625|-1
0|002532|20160625|-1
0|002585|20160625|1
0|300142|20160625|1
0|002684|20160625|1
1|834889|20160624|1
1|601099|20160624|1
0|001696|20160624|1
1|600538|20160624|1
1|600139|20160624|-1
0|002138|20160624|1
0|002390|20160624|1
1|600683|20160624|-1
1|600565|20160624|1
0|002174|20160624|1
0|002464|20160624|-1
0|002612|20160624|-1
0|000681|20160624|1
0|002535|20160624|1
0|002317|20160624|-1
0|002218|20160624|-1
0|002374|20160624|1
0|000534|20160624|-1
0|300466|20160624|1
0|300013|20160624|1
1|601258|20160624|-1
0|002384|20160624|1
0|002124|20160624|-1
0|002435|20160624|-1
0|002547|20160624|1
0|002496|20160624|1
0|002583|20160624|1
0|000403|20160624|1
0|002567|20160624|-1
0|002388|20160624|1
0|002456|20160624|1
0|002481|20160624|-1
0|002600|20160624|1
1|834944|20160624|-1
1|833483|20160624|1
0|002178|20160624|-1
0|000676|20160624|1
0|002607|20160624|-1
0|002130|20160624|1
1|600499|20160624|1
1|600525|20160624|1
0|000555|20160624|1
1|600998|20160624|1
0|002121|20160624|-1
0|000971|20160624|-1
0|300058|20160624|1
0|002480|20160624|1
0|002589|20160624|1
0|000426|20160624|1
1|835237|20160624|1
1|831926|20160624|1
1|831524|20160624|-1
1|831524|20160624|1
0|430663|20160624|1
1|835059|20160624|1
0|300016|20160624|1
0|300296|20160624|1
0|300283|20160624|1
1|832438|20160624|1
0|300390|20160624|1
1|832910|20160624|1
1|831725|20160624|1
1|832001|20160624|1
1|832001|20160624|-1
0|300256|20160624|1
0|300297|20160624|1
0|300356|20160624|1
0|430209|20160624|1
0|300418|20160624|-1
1|836819|20160624|1
0|430230|20160624|1
0|300211|20160624|-1
0|300339|20160624|1
0|300011|20160624|-1
0|430313|20160624|1
0|430313|20160624|1
1|833078|20160624|1
1|833538|20160624|1
1|832563|20160624|1
1|832270|20160624|1
0|300278|20160624|-1
0|300003|20160624|1
1|600605|20160624|-1
0|000976|20160623|1
0|002700|20160623|-1
0|002692|20160623|1
0|002411|20160623|-1
0|002721|20160623|1
0|300322|20160623|-1
1|600807|20160623|-1
0|002652|20160623|1
0|300013|20160623|1
0|002292|20160623|1
0|002641|20160623|1
0|002012|20160623|1
0|002126|20160623|1
0|002354|20160623|1
1|600683|20160623|1
1|603998|20160623|1
1|600200|20160623|1
1|600136|20160623|1
1|600121|20160623|1
1|603778|20160623|1
0|000606|20160623|1
0|000686|20160623|-1
1|600077|20160623|-1
1|600870|20160623|-1
0|002002|20160623|1
0|002168|20160623|1
1|831351|20160623|1
0|000034|20160623|1
0|002191|20160623|1
0|300345|20160623|1
1|600988|20160623|1
0|300374|20160623|-1
0|300011|20160623|1
0|300307|20160623|-1
1|833048|20160623|1
0|300207|20160623|-1
0|300207|20160623|1
1|831259|20160623|-1
1|831073|20160623|1
0|300237|20160623|-1
0|430181|20160623|-1
0|430438|20160623|-1
1|834128|20160623|1
1|833435|20160623|1
0|300030|20160623|1
0|300027|20160623|1
1|834592|20160623|1
0|300001|20160623|1
0|300038|20160623|-1
0|300476|20160623|1
1|835986|20160622|1
0|002448|20160622|1
0|002221|20160622|-1
0|002310|20160622|1
0|002174|20160622|-1
1|600576|20160622|1
1|603308|20160622|1
0|002702|20160622|1
0|002491|20160622|-1
0|002634|20160622|1
0|002402|20160622|1
0|300237|20160622|-1
0|002495|20160622|1
0|002554|20160622|1
0|002558|20160622|1
0|002300|20160622|-1
0|002603|20160622|-1
0|300032|20160622|1
1|603003|20160622|-1
1|603609|20160622|1
0|002506|20160622|1
1|600792|20160622|1
1|834656|20160622|1
1|600291|20160622|1
0|300213|20160622|-1
0|002019|20160622|-1
0|002166|20160622|1
1|600136|20160622|-1
1|600438|20160622|1
1|601311|20160622|1
0|000981|20160622|1
0|000560|20160622|1
1|600490|20160622|-1
0|002132|20160622|1
0|002597|20160622|1
0|002600|20160622|1
0|300484|20160622|1
1|833258|20160622|-1
1|831678|20160622|1
0|300337|20160622|1
1|832800|20160622|-1
0|300342|20160622|1
0|300349|20160622|1
1|835728|20160622|1
1|832873|20160622|1
1|833982|20160622|1
0|002573|20160622|1
0|300250|20160622|-1
0|300195|20160622|-1
0|300254|20160622|-1
1|835336|20160622|1
1|834889|20160622|1
0|300074|20160622|1
0|430720|20160622|1
0|300278|20160622|-1
0|300198|20160622|1
0|002695|20160621|-1
0|002263|20160621|-1
1|600986|20160621|1
1|600321|20160621|1
0|002502|20160621|-1
0|002418|20160621|-1
0|300510|20160621|1
0|300352|20160621|-1
0|000534|20160621|-1
1|600121|20160621|1
1|600137|20160621|1
1|600683|20160621|-1
0|002143|20160621|-1
0|002491|20160621|1
0|002614|20160621|-1
0|300173|20160621|-1
0|300381|20160621|1
0|002619|20160621|-1
0|002127|20160621|-1
0|002157|20160621|1
0|002138|20160621|-1
0|002477|20160621|1
0|002700|20160621|1
1|600285|20160621|1
1|600516|20160621|1
0|300289|20160621|-1
1|600520|20160621|-1
0|002654|20160621|1
0|300384|20160621|-1
0|002285|20160621|1
0|002366|20160621|-1
1|600258|20160621|1
1|600811|20160621|1
0|002279|20160621|1
1|832800|20160621|1
0|430144|20160621|1
1|832455|20160621|1
1|833272|20160621|1
0|300276|20160621|1
0|300123|20160621|1
1|831355|20160621|1
0|430555|20160621|-1
1|832028|20160621|-1
1|833858|20160621|1
1|831722|20160621|-1
1|834714|20160621|1
1|836558|20160621|1
0|430672|20160621|1
0|430672|20160621|1
1|832916|20160621|1
1|831205|20160621|1
1|831205|20160621|1
1|836299|20160621|1
1|836224|20160621|1
1|831133|20160621|1
1|834499|20160621|1
1|836991|20160621|1
1|603108|20160620|1
0|002657|20160620|-1
0|002652|20160620|1
0|002751|20160620|-1
0|300423|20160620|-1
0|002303|20160620|-1
0|300050|20160620|1
0|300081|20160620|1
0|002637|20160620|1
0|002111|20160620|-1
0|002261|20160620|1
1|832184|20160620|1
1|832184|20160620|-1
0|300123|20160620|1
1|831818|20160620|1
0|300336|20160620|-1
0|430672|20160620|1
1|832843|20160620|1
0|300170|20160620|-1
0|300040|20160620|1
0|300048|20160620|1
1|835512|20160620|1
0|300102|20160620|1
0|430569|20160620|1
1|835000|20160620|1
1|832666|20160620|-1
0|300089|20160620|-1
1|832160|20160620|1
1|831450|20160620|-1
0|430263|20160620|1
1|833300|20160620|1
1|836819|20160620|1
1|830849|20160620|1
1|836819|20160620|1
1|831940|20160620|1
0|300297|20160620|1
0|300147|20160620|1
1|831005|20160620|1
0|002356|20160618|-1
0|002147|20160618|1
0|002626|20160618|1
0|002586|20160618|1
0|002378|20160618|1
0|002143|20160618|1
0|000723|20160618|-1
0|002410|20160618|1
0|300167|20160618|1
0|000961|20160618|-1
1|900907|20160618|1
1|600614|20160618|1
0|300318|20160618|-1
1|600891|20160618|1
0|002317|20160618|-1
0|002273|20160618|-1
0|002727|20160618|1
0|002509|20160618|-1
0|002002|20160618|-1
0|002512|20160618|1
0|002547|20160618|-1
1|600074|20160618|-1
0|002197|20160618|-1
1|600466|20160618|1
1|600683|20160618|1
1|601012|20160618|1
0|000593|20160618|1
0|002728|20160618|1
0|002233|20160618|1
0|000038|20160618|1
0|002416|20160618|1
1|600155|20160618|-1
0|002453|20160618|1
0|002675|20160618|1
0|002032|20160618|-1
0|000034|20160618|1
0|002721|20160618|1
1|600777|20160618|1
1|832283|20160617|1
1|832960|20160617|1
0|000961|20160617|1
0|002098|20160617|1
0|002310|20160617|1
0|002341|20160617|1
1|601929|20160617|1
0|002263|20160617|1
1|600666|20160617|-1
0|002502|20160617|-1
1|600565|20160617|1
0|002696|20160617|-1
1|601222|20160617|1
0|002470|20160617|1
0|002470|20160617|1
1|603456|20160617|1
0|002755|20160617|1
0|300051|20160617|1
0|002098|20160617|1
0|000401|20160617|-1
0|000795|20160617|1
0|002416|20160617|-1
0|002219|20160617|1
0|300384|20160617|1
1|600187|20160617|1
1|600290|20160617|1
0|300305|20160617|-1
0|300237|20160617|1
0|300119|20160617|1
0|002299|20160617|1
0|002372|20160617|1
0|000810|20160617|1
0|002591|20160617|1
1|600634|20160617|-1
0|002277|20160617|1
1|600242|20160617|-1
0|000673|20160617|1
1|836021|20160617|1
0|000415|20160617|1
0|002135|20160617|-1
0|002108|20160617|-1
0|300043|20160617|-1
1|834586|20160617|1
1|837063|20160617|1
0|300207|20160617|-1
0|300149|20160617|-1
0|300397|20160617|1
0|300384|20160617|1
0|300283|20160617|-1
1|830807|20160617|1
1|833690|20160617|1
1|833690|20160617|1
0|300278|20160617|-1
1|831809|20160617|1
1|831205|20160617|1
1|834034|20160617|-1
1|834983|20160617|1
1|833014|20160617|-1
1|832625|20160617|1
1|832625|20160617|1
0|300279|20160617|1
0|300393|20160617|1
0|430379|20160617|1
0|300317|20160617|-1
0|300198|20160617|1
0|300256|20160617|-1
0|300287|20160617|-1
0|300335|20160617|-1
0|002600|20160617|1
1|600988|20160617|1
1|600175|20160616|1
1|600078|20160616|1
1|600355|20160616|-1
1|600285|20160616|1
0|002006|20160616|1
0|002219|20160616|-1
1|600175|20160616|1
1|600867|20160616|1
0|002383|20160616|1
0|300467|20160616|1
0|002554|20160616|1
0|002104|20160616|1
1|600485|20160616|1
1|600246|20160616|1
0|000403|20160616|1
0|000426|20160616|-1
1|601216|20160616|1
0|300173|20160616|1
0|002435|20160616|1
0|002632|20160616|1
1|600187|20160616|1
0|002519|20160616|1
0|002437|20160616|1
0|002303|20160616|1
1|600175|20160616|1
1|600175|20160616|1
0|000981|20160616|-1
0|000672|20160616|1
0|002694|20160616|1
1|600771|20160616|-1
1|600297|20160616|-1
1|600105|20160616|1
1|603636|20160616|-1
1|600516|20160616|-1
1|600358|20160616|1
1|600869|20160616|1
0|000971|20160616|-1
0|002412|20160616|1
1|836863|20160616|-1
0|430201|20160616|1
0|300397|20160616|1
0|300209|20160616|-1
0|300290|20160616|-1
0|300175|20160616|1
1|834061|20160616|-1
1|836681|20160616|1
0|300047|20160616|-1
0|430484|20160616|1
0|430352|20160616|1
1|836976|20160616|1
0|300474|20160616|1
0|300115|20160616|1
0|430639|20160616|-1
1|832101|20160616|1
1|836183|20160616|1
1|600735|20160615|-1
1|600273|20160615|-1
1|600735|20160615|1
0|002020|20160615|1
0|002451|20160615|1
0|002103|20160615|1
0|300108|20160615|1
0|300294|20160615|1
0|002652|20160615|-1
0|300051|20160615|-1
0|000534|20160615|1
0|002218|20160615|1
1|603883|20160615|1
0|300290|20160615|-1
0|002171|20160615|1
1|600777|20160615|1
0|002341|20160615|-1
0|002062|20160615|1
0|002241|20160615|-1
0|002532|20160615|-1
0|002610|20160615|-1
0|002497|20160615|-1
0|002727|20160615|1
0|300108|20160615|1
0|002592|20160615|-1
0|000681|20160615|-1
0|000150|20160615|-1
0|300178|20160615|1
1|600340|20160615|1
1|600998|20160615|1
0|002278|20160615|-1
0|300349|20160615|1
0|300235|20160615|1
1|832174|20160615|1
1|833345|20160615|-1
1|831173|20160615|1
0|300120|20160615|1
0|300207|20160615|-1
0|300339|20160615|1
0|300339|20160615|-1
0|300353|20160615|1
0|300254|20160615|1
1|832174|20160615|1
1|835947|20160615|1
0|430518|20160615|1
0|300335|20160615|-1
1|831597|20160615|1
1|830780|20160615|1
0|430682|20160615|1
0|300275|20160615|1
1|831262|20160615|1
0|300278|20160615|-1
0|300071|20160615|-1
0|002597|20160615|1
0|000838|20160614|1
0|000732|20160614|1
0|002293|20160614|-1
0|300121|20160614|-1
0|002753|20160614|1
0|002239|20160614|-1
0|002342|20160614|1
0|000533|20160614|-1
1|603398|20160614|1
0|002171|20160614|-1
0|300134|20160614|-1
0|300304|20160614|1
0|002102|20160614|1
0|002638|20160614|1
0|002263|20160614|1
0|002377|20160614|-1
0|002675|20160614|1
1|600673|20160614|-1
1|600572|20160614|1
1|600180|20160614|-1
0|002424|20160614|-1
0|000623|20160614|-1
1|600696|20160614|1
0|300499|20160614|-1
0|002169|20160614|-1
0|002614|20160614|-1
0|300367|20160614|-1
1|832877|20160614|-1
0|300339|20160614|-1
1|835246|20160614|1
1|835348|20160614|-1
1|835348|20160614|-1
1|835348|20160614|-1
1|835348|20160614|1
1|833893|20160614|1
0|300015|20160614|1
1|835348|20160614|1
1|833472|20160614|1
0|430518|20160614|-1
1|835574|20160614|1
1|831664|20160614|-1
1|835348|20160614|1
1|836752|20160614|1
0|300347|20160614|-1
0|430682|20160614|-1
0|300071|20160614|-1
0|001896|20160613|1
0|002356|20160613|1
0|002520|20160613|1
0|000042|20160613|-1
0|000885|20160613|1
0|002161|20160613|1
0|002020|20160613|-1
0|000802|20160613|1
0|002424|20160613|1
0|000545|20160613|1
0|002728|20160613|1
0|000534|20160613|-1
0|000821|20160613|1
0|002632|20160613|-1
0|000592|20160613|1
0|002343|20160613|1
0|002480|20160613|-1
0|002729|20160613|-1
0|002547|20160613|1
0|300467|20160613|1
0|300290|20160613|1
0|300001|20160613|1
0|300356|20160613|-1
0|300101|20160613|1
0|002147|20160613|1
0|002609|20160613|-1
0|300412|20160613|-1
0|002694|20160613|-1
1|833527|20160613|1
1|835722|20160613|1
1|835679|20160613|1
1|835479|20160613|1
1|833707|20160613|1
0|300056|20160613|-1
1|830959|20160613|1
1|830959|20160613|1
1|833864|20160613|1
1|837088|20160613|1
1|833123|20160613|1
1|835109|20160613|1
1|832608|20160613|1
0|300130|20160613|-1
0|300237|20160613|-1
1|831005|20160613|1
1|832576|20160613|1
1|835009|20160613|-1
1|833217|20160613|1
1|831963|20160613|-1
1|833004|20160613|1
1|831802|20160613|1
1|831681|20160613|1
0|300424|20160613|-1
0|430505|20160613|1
1|832500|20160613|1
0|430505|20160613|1
0|430037|20160613|1
0|430560|20160613|1
0|430518|20160613|1
0|300499|20160609|1
1|600208|20160609|-1
1|601020|20160609|1
1|601996|20160609|1
0|300294|20160609|-1
1|601886|20160609|-1
1|600207|20160609|1
1|600887|20160609|1
0|002102|20160608|1
0|000762|20160608|-1
1|900907|20160608|1
1|600614|20160608|1
1|600652|20160608|1
0|002282|20160608|-1
0|300201|20160608|1
1|600522|20160608|1
0|002709|20160608|1
1|600766|20160608|1
1|600375|20160608|-1
0|002104|20160608|-1
0|002318|20160608|1
0|002292|20160608|-1
0|300128|20160608|-1
0|002151|20160608|1
0|002171|20160608|1
0|002584|20160608|1
1|600338|20160608|-1
0|002358|20160608|1
0|300068|20160608|1
0|002012|20160608|-1
0|002437|20160608|-1
1|600162|20160608|1
0|002503|20160608|1
0|002491|20160608|-1
0|300296|20160608|1
1|600595|20160608|1
1|600998|20160608|1
1|600984|20160608|-1
1|600869|20160608|1
1|600321|20160608|-1
1|600988|20160608|-1
1|600187|20160608|-1
0|002638|20160608|1
0|002599|20160608|-1
0|002329|20160608|1
0|002329|20160608|1
1|603636|20160608|-1
1|603118|20160608|1
0|002195|20160608|-1
0|002352|20160608|-1
1|837565|20160608|-1
1|835826|20160608|1
0|300233|20160608|1
0|300455|20160608|-1
0|300243|20160608|1
1|832599|20160608|1
0|300449|20160608|1
0|300169|20160608|-1
0|300130|20160608|-1
1|834034|20160608|-1
0|300256|20160608|1
1|833093|20160608|1
1|832316|20160608|-1
0|300239|20160608|1
0|300339|20160608|1
0|300503|20160608|1
0|002356|20160607|-1
1|603169|20160607|1
0|002239|20160607|-1
0|002714|20160607|1
0|002196|20160607|-1
0|002020|20160607|-1
1|601313|20160607|1
1|603030|20160607|1
0|002471|20160607|1
0|300292|20160607|-1
0|002379|20160607|-1
0|002547|20160607|1
0|002169|20160607|1
0|002083|20160607|-1
0|002451|20160607|1
0|002016|20160607|1
1|603003|20160607|1
0|300412|20160607|1
1|603268|20160607|-1
1|600290|20160607|1
0|002491|20160607|1
0|002228|20160607|-1
0|200488|20160607|1
0|000488|20160607|1
0|000716|20160607|1
0|002019|20160607|-1
0|000560|20160607|-1
0|002323|20160607|1
0|002340|20160607|1
0|002570|20160607|1
1|600507|20160607|1
0|002171|20160607|1
0|002247|20160607|1
0|002018|20160607|-1
0|000767|20160607|1
1|603318|20160607|1
0|430620|20160607|1
1|831173|20160607|1
0|430194|20160607|1
1|834666|20160607|1
1|834469|20160607|1
0|300207|20160607|1
1|836644|20160607|1
1|831571|20160607|1
0|430560|20160607|-1
0|430560|20160607|1
1|833120|20160607|1
1|833120|20160607|-1
1|831205|20160607|-1
1|833014|20160607|1
0|300299|20160607|1
1|831963|20160607|1
0|002147|20160607|1
0|002700|20160606|-1
1|600998|20160606|1
0|000595|20160606|1
0|002619|20160606|-1
0|300168|20160606|1
0|300346|20160606|-1
1|835177|20160606|1
0|300056|20160606|1
0|400028|20160606|-1
0|430230|20160606|1
0|430230|20160606|-1
1|831114|20160606|1
1|831114|20160606|1
0|300156|20160606|1
1|831839|20160606|1
1|831516|20160606|1
1|831516|20160606|1
1|831839|20160606|-1
1|832984|20160606|1
1|836222|20160606|1
1|833073|20160606|1
1|833659|20160606|1
0|430578|20160606|1
1|832283|20160606|1
1|834435|20160606|1
0|430365|20160606|1
1|837639|20160606|1
1|834226|20160606|1
0|300343|20160606|1
1|600388|20160604|1
1|600613|20160604|1
1|900904|20160604|1
0|002203|20160604|1
1|600652|20160604|1
1|603686|20160604|1
1|603268|20160604|-1
0|000885|20160604|-1
0|000752|20160604|1
0|002605|20160604|1
0|002491|20160604|-1
1|603686|20160604|1
0|002195|20160604|1
0|300166|20160604|-1
0|300312|20160604|1
0|000639|20160604|-1
0|000782|20160604|1
0|002377|20160604|-1
0|002418|20160604|-1
0|001896|20160604|-1
0|002471|20160604|-1
0|300199|20160604|-1
1|600249|20160604|1
1|600328|20160604|-1
1|600771|20160604|1
0|002545|20160604|1
0|002474|20160604|-1
1|600074|20160604|-1
1|601899|20160604|-1
1|600439|20160604|1
0|002564|20160604|1
0|002366|20160604|-1
0|002624|20160604|1
0|002640|20160604|1
0|002210|20160604|1
0|000545|20160603|-1
1|600975|20160603|1
1|600714|20160603|1
1|603998|20160603|1
0|002716|20160603|1
0|002520|20160603|-1
0|002568|20160603|1
0|002131|20160603|1
0|300088|20160603|1
0|300344|20160603|1
0|002471|20160603|-1
0|002453|20160603|1
1|600666|20160603|1
0|000540|20160603|-1
0|002583|20160603|1
0|300322|20160603|-1
0|002345|20160603|1
1|603268|20160603|1
0|300292|20160603|1
0|002138|20160603|-1
0|000560|20160603|1
0|000150|20160603|-1
1|603030|20160603|1
0|000981|20160603|-1
0|000802|20160603|1
0|002137|20160603|-1
0|002291|20160603|1
1|600870|20160603|1
0|002178|20160603|-1
0|300248|20160603|1
0|300173|20160603|1
0|002069|20160603|1
0|002171|20160603|1
0|300319|20160603|1
0|002240|20160603|1
1|835027|20160603|1
1|831804|20160603|1
1|832609|20160603|1
0|300209|20160603|1
0|430203|20160603|1
0|300340|20160603|-1
0|300133|20160603|-1
0|300207|20160603|1
0|430260|20160603|1
0|300417|20160603|1
1|833390|20160603|1
1|833124|20160603|1
1|832155|20160603|1
1|833104|20160603|1
0|300145|20160603|1
1|601566|20160602|-1
0|300313|20160602|1
0|002538|20160602|-1
0|002599|20160602|-1
0|002127|20160602|1
0|002252|20160602|-1
1|600393|20160602|1
1|600571|20160602|-1
0|000639|20160602|1
1|600112|20160602|1
1|600805|20160602|1
1|600735|20160602|1
1|600771|20160602|1
0|002356|20160602|-1
0|000762|20160602|-1
1|603369|20160602|-1
0|002456|20160602|-1
0|002458|20160602|1
0|002466|20160602|-1
0|000663|20160602|1
0|002604|20160602|1
0|000802|20160602|-1
1|600671|20160602|1
1|600998|20160602|-1
1|603300|20160602|1
1|603883|20160602|1
0|002482|20160602|-1
1|600466|20160602|1
1|600681|20160602|1
0|002195|20160602|-1
0|002684|20160602|1
0|430755|20160602|1
1|835904|20160602|1
1|833117|20160602|1
1|832479|20160602|1
0|430141|20160602|1
0|300070|20160602|1
0|300290|20160602|-1
0|300263|20160602|-1
1|831417|20160602|1
0|300031|20160602|1
0|300287|20160602|-1
0|300015|20160602|-1
0|300283|20160602|1
1|835566|20160602|1
0|300336|20160602|-1
1|836021|20160602|1
1|832125|20160602|1
1|831562|20160602|-1
0|300297|20160602|1
1|833858|20160602|1
1|831796|20160602|1
0|300367|20160602|1
0|300038|20160602|1
0|300234|20160602|1
1|603959|20160601|1
0|002147|20160601|-1
0|002174|20160601|1
0|002083|20160601|1
0|002706|20160601|-1
0|002580|20160601|-1
1|600273|20160601|1
1|600805|20160601|-1
0|300322|20160601|1
0|300318|20160601|-1
1|600575|20160601|1
0|002458|20160601|-1
0|002145|20160601|-1
1|600074|20160601|1
0|002512|20160601|1
0|002019|20160601|1
1|600156|20160601|1
1|603300|20160601|1
0|000622|20160601|-1
0|002459|20160601|1
1|600141|20160601|-1
1|601567|20160601|-1
1|600975|20160601|-1
0|002573|20160601|1
0|002366|20160601|1
0|002021|20160601|1
0|300178|20160601|-1
0|000767|20160601|1
0|002210|20160601|-1
0|002646|20160601|1
0|002256|20160601|1
0|300115|20160601|-1
1|835547|20160601|1
1|832379|20160601|1
1|834295|20160601|1
0|300287|20160601|1
1|832533|20160601|1
1|835328|20160601|1
1|833788|20160601|1
0|300402|20160601|1
0|300111|20160601|1
0|300290|20160601|1
1|836198|20160601|1
1|836725|20160601|1
0|300015|20160601|1
0|300168|20160601|-1
1|834152|20160601|1
1|834152|20160601|1
1|833083|20160601|1
1|835129|20160601|1
0|300418|20160601|1
0|002069|20160601|1
0|002171|20160601|1
1|600998|20160601|1
0|002617|20160531|1
0|002195|20160531|1
0|002083|20160531|1
0|002671|20160531|1
0|002342|20160531|-1
1|603268|20160531|1
1|600521|20160531|-1
1|603077|20160531|1
0|002318|20160531|1
0|000812|20160531|1
1|600518|20160531|1
1|600074|20160531|-1
0|002770|20160531|1
0|002770|20160531|-1
0|002007|20160531|1
0|002632|20160531|1
0|002564|20160531|-1
0|002617|20160531|1
0|002002|20160531|-1
1|603300|20160531|-1
0|002687|20160531|1
0|002699|20160531|1
1|600747|20160531|-1
1|600485|20160531|-1
0|002589|20160531|-1
0|000760|20160531|1
0|002335|20160531|1
1|600156|20160531|-1
0|002432|20160531|-1
0|300184|20160531|1
0|002317|20160531|1
0|002624|20160531|1
0|002654|20160531|-1
0|300407|20160531|1
0|430184|20160531|1
1|831568|20160531|1
1|832686|20160531|-1
1|831568|20160531|1
1|831677|20160531|1
0|300297|20160531|1
1|831567|20160531|-1
1|831004|20160531|-1
0|300300|20160531|-1
0|300299|20160531|1
1|833858|20160531|1
0|300043|20160531|-1
1|833585|20160531|1
1|835214|20160531|1
1|830922|20160531|-1
1|833946|20160531|1
1|830922|20160531|1
0|300011|20160531|1
1|833858|20160531|1
0|300413|20160531|1
1|831710|20160531|1
1|836238|20160531|1
1|836238|20160531|1
1|831963|20160531|1
1|834495|20160530|-1
1|830821|20160530|1
1|601777|20160530|1
0|002592|20160530|1
0|000426|20160530|1
0|000626|20160530|1
0|300308|20160530|-1
0|300168|20160530|1
1|832438|20160530|1
1|832438|20160530|1
1|832438|20160530|1
1|832219|20160530|1
1|832219|20160530|1
1|832438|20160530|-1
1|831737|20160530|-1
1|830981|20160530|-1
1|831725|20160530|1
0|300354|20160530|1
0|430246|20160530|-1
0|430389|20160530|1
1|836011|20160530|1
0|300110|20160530|1
0|300056|20160530|-1
0|300339|20160530|-1
1|831153|20160530|1
1|832689|20160530|1
1|836263|20160530|1
1|835348|20160530|1
1|835348|20160530|1
1|835348|20160530|1
1|833435|20160530|-1
1|833435|20160530|1
1|833435|20160530|1
1|833435|20160530|1
0|300356|20160530|1
0|300156|20160530|1
0|300038|20160530|1
1|600714|20160528|1
1|600070|20160528|1
1|600572|20160528|-1
0|002531|20160528|-1
0|300292|20160528|-1
0|002340|20160528|1
0|002089|20160528|-1
0|002706|20160528|-1
0|000723|20160528|-1
0|002579|20160528|1
0|002755|20160528|1
0|002164|20160528|1
0|300095|20160528|1
1|600988|20160528|-1
1|600485|20160528|1
0|002292|20160528|1
0|002012|20160528|1
0|000971|20160528|-1
0|002757|20160528|1
0|002210|20160528|1
0|002378|20160528|1
0|002632|20160528|-1
0|300483|20160528|1
0|002171|20160528|1
0|002638|20160528|1
0|002259|20160528|-1
1|601216|20160528|-1
1|600516|20160528|-1
0|002358|20160528|1
0|002217|20160528|1
0|002219|20160528|-1
0|002299|20160528|-1
1|600074|20160528|-1
1|600112|20160528|-1
0|002335|20160528|1
1|603001|20160528|1
1|600759|20160528|-1
0|002018|20160528|-1
0|002138|20160528|1
0|002147|20160528|1
0|000566|20160527|1
0|002637|20160527|1
1|600090|20160527|1
0|002634|20160527|1
0|002195|20160527|1
0|002690|20160527|-1
0|002174|20160527|-1
0|300483|20160527|1
0|300068|20160527|1
0|300425|20160527|-1
1|601015|20160527|1
1|600208|20160527|-1
1|600521|20160527|1
1|600521|20160527|-1
0|002656|20160527|-1
0|300249|20160527|1
1|600485|20160527|-1
1|600052|20160527|-1
0|002488|20160527|1
0|002074|20160527|1
0|002002|20160527|-1
1|600605|20160527|1
0|002600|20160527|1
0|300158|20160527|-1
0|002615|20160527|-1
0|002310|20160527|-1
0|300459|20160527|1
1|833196|20160527|1
1|832675|20160527|-1
1|830821|20160527|-1
1|832320|20160527|1
1|832320|20160527|1
0|300067|20160527|1
0|300347|20160527|-1
1|832576|20160527|1
0|300169|20160527|1
1|834153|20160527|1
1|832482|20160527|1
0|300390|20160527|-1
0|300197|20160527|-1
0|300185|20160527|1
0|300354|20160527|-1
0|300094|20160527|-1
0|300022|20160527|-1
0|002584|20160526|1
0|000762|20160526|1
0|002605|20160526|-1
0|002589|20160526|-1
0|002214|20160526|-1
0|300026|20160526|1
0|300026|20160526|-1
0|002619|20160526|-1
0|002323|20160526|1
0|002138|20160526|-1
1|600988|20160526|1
0|002455|20160526|-1
1|603009|20160526|1
1|600093|20160526|1
0|002605|20160526|1
0|002228|20160526|1
1|600641|20160526|1
0|002193|20160526|-1
1|600687|20160526|-1
0|002299|20160526|-1
0|002345|20160526|-1
0|000976|20160526|1
0|000560|20160526|-1
0|000783|20160526|-1
0|300051|20160526|1
1|600083|20160526|1
0|002672|20160526|-1
0|300368|20160526|1
0|002532|20160526|1
1|600393|20160526|1
1|603996|20160526|1
1|600605|20160526|-1
0|002491|20160526|-1
0|000426|20160526|-1
0|002279|20160526|1
0|002412|20160526|-1
0|300308|20160526|-1
1|837117|20160526|1
1|835566|20160526|1
0|300309|20160526|-1
0|300370|20160526|1
0|300202|20160526|-1
0|300150|20160526|1
1|836930|20160526|1
1|832587|20160526|1
1|834152|20160526|1
0|300169|20160526|-1
1|833276|20160526|1
0|300356|20160526|-1
1|836950|20160526|1
1|832654|20160526|1
1|832654|20160526|1
0|400027|20160526|1
0|300022|20160526|-1
0|300337|20160526|-1
0|300170|20160526|1
0|300145|20160526|-1
0|002147|20160526|1
0|002210|20160526|-1
1|832850|20160525|1
0|000752|20160525|-1
0|000669|20160525|1
0|002145|20160525|-1
1|600093|20160525|1
0|002424|20160525|1
0|002219|20160525|1
1|600393|20160525|-1
1|600289|20160525|1
0|000533|20160525|1
0|002481|20160525|-1
0|002437|20160525|-1
0|000975|20160525|1
0|002545|20160525|-1
0|002295|20160525|-1
0|300144|20160525|1
1|600699|20160525|1
1|600070|20160525|1
1|900940|20160525|-1
1|600094|20160525|-1
0|002132|20160525|1
0|000723|20160525|1
1|600714|20160525|1
1|600180|20160525|-1
0|002426|20160525|-1
0|002054|20160525|-1
0|002707|20160525|1
0|000560|20160525|1
0|002781|20160525|1
0|002175|20160525|-1
0|300292|20160525|-1
1|833041|20160525|1
1|831372|20160525|1
1|831372|20160525|-1
1|831372|20160525|1
1|831372|20160525|-1
1|831372|20160525|-1
0|300004|20160525|-1
1|836824|20160525|1
1|836824|20160525|1
0|300396|20160525|-1
1|832916|20160525|1
1|832031|20160525|1
0|300197|20160525|1
0|300182|20160525|-1
1|833032|20160525|1
0|300349|20160525|-1
0|300168|20160525|-1
0|300071|20160525|1
1|600605|20160525|1
0|300308|20160524|1
0|430629|20160524|-1
0|430629|20160524|1
0|002706|20160524|-1
1|831666|20160524|1
1|603919|20160524|1
0|000560|20160524|1
1|831052|20160524|1
1|603558|20160524|1
0|002310|20160524|1
0|002003|20160524|1
0|002711|20160524|1
1|900936|20160524|1
1|600295|20160524|1
0|002297|20160524|1
0|000819|20160524|-1
0|002468|20160524|1
0|002261|20160524|-1
1|600289|20160524|1
1|601012|20160524|1
0|002418|20160524|-1
1|600694|20160524|1
0|002681|20160524|-1
0|000004|20160524|1
0|002078|20160524|1
0|002400|20160524|1
0|002665|20160524|-1
0|002330|20160524|-1
0|300051|20160524|-1
0|300199|20160524|-1
1|600330|20160524|1
1|601515|20160524|-1
1|835902|20160524|1
0|002727|20160524|1
0|002504|20160524|1
0|000976|20160524|1
0|000509|20160524|1
0|000503|20160524|-1
0|000819|20160524|-1
0|300117|20160524|1
0|300040|20160524|1
1|831666|20160524|1
1|831052|20160524|-1
1|832058|20160524|1
0|300390|20160524|1
0|300158|20160524|1
0|300459|20160524|1
0|300253|20160524|1
1|832587|20160524|1
0|300198|20160524|-1
1|836263|20160524|-1
1|836263|20160524|1
1|836263|20160524|1
0|430310|20160524|-1
0|300349|20160524|1
1|831913|20160524|1
1|834408|20160524|1
1|600605|20160524|-1
0|430130|20160523|1
0|002567|20160523|-1
0|000939|20160523|1
0|300167|20160523|-1
0|002455|20160523|-1
0|002776|20160523|1
0|300395|20160523|-1
1|836773|20160523|1
1|831506|20160523|1
1|833652|20160523|1
0|300149|20160523|-1
0|430508|20160523|1
1|834894|20160523|1
1|832026|20160523|1
1|831568|20160523|-1
0|300117|20160523|1
1|834790|20160523|1
0|430141|20160523|-1
1|831912|20160523|1
1|832283|20160523|1
1|833948|20160523|1
1|833789|20160523|1
1|833789|20160523|1
0|300133|20160523|-1
0|300011|20160523|-1
1|831666|20160523|1
1|832132|20160523|1
0|002600|20160523|1
1|600439|20160521|1
0|000732|20160521|1
0|002664|20160521|1
0|002702|20160521|1
0|002684|20160521|1
0|002706|20160521|-1
0|300277|20160521|-1
1|600735|20160521|-1
1|600735|20160521|1
1|600745|20160521|1
0|002122|20160521|1
1|600867|20160521|1
0|002426|20160521|1
0|300292|20160521|1
0|002621|20160521|-1
0|002436|20160521|-1
0|000961|20160521|-1
1|600605|20160521|-1
0|002266|20160521|-1
0|002239|20160521|1
0|002036|20160521|1
0|002369|20160521|1
0|002114|20160521|-1
1|600577|20160521|-1
0|002569|20160521|-1
0|300459|20160521|-1
0|002382|20160521|-1
0|000042|20160521|-1
1|600478|20160521|1
1|603030|20160521|1
0|002607|20160521|1
0|000975|20160521|1
0|002146|20160521|1
0|300068|20160521|-1
0|002273|20160521|-1
0|300173|20160521|1
1|600613|20160521|1
1|900904|20160521|1
1|900938|20160521|-1
1|600751|20160521|-1
1|600651|20160521|1
1|600297|20160521|1
1|600297|20160521|1
0|000735|20160521|1
1|600988|20160521|-1
0|002118|20160521|1
0|300026|20160521|1
0|002577|20160521|1
0|000669|20160520|1
1|600355|20160520|-1
0|002191|20160520|-1
0|002612|20160520|-1
0|300352|20160520|1
0|002723|20160520|1
1|603030|20160520|1
0|002472|20160520|-1
0|002471|20160520|1
0|300013|20160520|1
1|600477|20160520|-1
0|000975|20160520|1
1|600136|20160520|-1
0|300299|20160520|-1
0|002435|20160520|1
0|002466|20160520|-1
1|603168|20160520|1
1|600978|20160520|1
0|002589|20160520|1
0|002252|20160520|-1
0|002564|20160520|1
0|002092|20160520|1
0|000587|20160520|1
0|000068|20160520|1
0|300308|20160520|-1
0|002165|20160520|1
0|002173|20160520|1
1|836992|20160520|1
1|833120|20160520|1
1|831794|20160520|1
1|835238|20160520|1
1|835238|20160520|1
1|831372|20160520|1
0|300194|20160520|-1
1|836086|20160520|1
0|300168|20160520|1
0|300016|20160520|1
0|300081|20160520|1
0|300207|20160520|-1
1|832969|20160520|1
0|430174|20160520|1
1|830936|20160520|1
0|300133|20160520|1
0|300227|20160520|1
0|300262|20160520|1
1|837254|20160519|1
0|000633|20160519|1
0|430296|20160519|1
1|600666|20160519|-1
0|002138|20160519|1
0|002390|20160519|1
0|002529|20160519|-1
0|000068|20160519|1
0|002093|20160519|1
1|603398|20160519|1
1|600256|20160519|1
0|000009|20160519|-1
0|300425|20160519|1
0|000661|20160519|1
0|002631|20160519|-1
1|600485|20160519|1
0|002295|20160519|1
1|600208|20160519|-1
1|600496|20160519|1
1|600290|20160519|1
0|300355|20160519|1
0|000810|20160519|1
0|002592|20160519|1
0|002684|20160519|1
0|000558|20160519|-1
0|000612|20160519|1
0|300148|20160519|1
0|002310|20160519|1
0|300122|20160519|-1
1|835512|20160519|-1
0|300116|20160519|1
0|300451|20160519|1
0|300383|20160519|1
0|300020|20160519|1
1|831047|20160519|1
0|300207|20160519|1
1|834702|20160519|1
1|832230|20160519|1
1|832380|20160519|1
1|832380|20160519|-1
0|300353|20160519|1
0|300248|20160519|1
1|831776|20160519|1
1|836370|20160519|1
0|300211|20160519|-1
1|832844|20160519|1
0|300158|20160519|-1
0|300262|20160519|-1
0|300222|20160519|1
0|300071|20160519|1
0|002491|20160519|-1
1|832232|20160518|1
0|430244|20160518|-1
0|430244|20160518|1
1|834384|20160518|1
0|000975|20160518|-1
1|600576|20160518|1
1|600613|20160518|1
1|900904|20160518|1
1|603696|20160518|1
0|002198|20160518|1
0|300368|20160518|1
0|002292|20160518|-1
1|601005|20160518|1
0|002055|20160518|-1
0|002358|20160518|1
0|002645|20160518|-1
1|600388|20160518|1
0|002034|20160518|1
0|002706|20160518|-1
0|002701|20160518|-1
0|300013|20160518|1
0|000566|20160518|1
0|002078|20160518|-1
0|002721|20160518|1
0|002104|20160518|-1
0|300184|20160518|1
1|600613|20160518|1
1|900904|20160518|1
0|300201|20160518|1
0|002765|20160518|1
1|600978|20160518|-1
0|002632|20160518|1
0|002299|20160518|1
0|300173|20160518|-1
0|000540|20160518|-1
0|002480|20160518|1
0|002513|20160518|1
0|002551|20160518|1
0|300501|20160518|1
0|300248|20160518|-1
0|300149|20160518|1
0|300043|20160518|-1
0|300194|20160518|1
0|300367|20160518|-1
0|300284|20160518|1
0|300004|20160518|1
0|300375|20160518|-1
1|832813|20160518|-1
1|831228|20160518|1
1|834207|20160518|1
0|430090|20160518|1
1|831678|20160518|1
0|300269|20160518|-1
0|430523|20160518|1
0|430523|20160518|1
1|831924|20160518|1
1|833891|20160518|1
1|834086|20160518|1
0|300396|20160518|1
0|300505|20160518|1
0|430578|20160518|1
0|300326|20160517|1
0|300326|20160517|1
1|836899|20160517|1
0|430033|20160517|1
1|834021|20160517|1
1|831939|20160517|1
1|835265|20160517|1
0|430193|20160517|1
1|834656|20160517|1
1|600998|20160517|1
1|603558|20160517|1
1|601012|20160517|1
1|600714|20160517|1
0|002318|20160517|1
1|600114|20160517|-1
1|600572|20160517|1
0|002342|20160517|1
0|002239|20160517|-1
0|002103|20160517|1
0|002564|20160517|-1
1|603828|20160517|1
1|601700|20160517|-1
0|002291|20160517|1
0|002687|20160517|1
0|002574|20160517|1
1|603028|20160517|1
1|600890|20160517|1
0|000593|20160517|-1
0|002472|20160517|1
1|600180|20160517|1
0|002694|20160517|1
0|002675|20160517|1
0|002675|20160517|-1
0|002007|20160517|1
0|002624|20160517|1
0|000975|20160517|1
0|300178|20160517|1
0|000826|20160517|1
0|002379|20160517|-1
1|830978|20160517|1
1|836377|20160517|1
0|300505|20160517|1
0|300346|20160517|-1
1|832895|20160517|1
1|834656|20160517|-1
1|832455|20160517|-1
0|300207|20160517|-1
0|300440|20160517|1
1|835502|20160517|1
0|300463|20160517|1
0|300252|20160517|1
1|833496|20160516|1
1|835923|20160516|1
1|835124|20160516|1
1|833336|20160516|1
0|300158|20160516|1
1|834623|20160516|1
1|834464|20160516|1
0|002778|20160516|1
1|835923|20160516|1
0|002634|20160516|1
0|430440|20160516|-1
0|300346|20160516|-1
0|300248|20160516|-1
0|300111|20160516|-1
0|300367|20160516|-1
0|300300|20160516|1
0|300102|20160516|-1
1|831039|20160516|1
1|831092|20160516|1
1|831092|20160516|-1
1|834331|20160516|-1
1|831133|20160516|1
0|000662|20160514|1
1|600624|20160514|-1
0|002491|20160514|1
0|002712|20160514|1
0|002464|20160514|-1
1|600078|20160514|1
0|002292|20160514|1
0|000158|20160514|1
0|300216|20160514|-1
0|002104|20160514|-1
0|002645|20160514|1
1|600577|20160514|1
0|002372|20160514|1
1|600285|20160514|1
0|002584|20160514|1
1|600763|20160514|-1
1|600419|20160514|1
0|300026|20160514|1
0|002313|20160514|1
0|300266|20160514|-1
0|000971|20160514|1
1|600093|20160514|1
0|000009|20160514|-1
0|300069|20160514|-1
0|002233|20160514|1
1|600466|20160514|-1
1|601607|20160514|-1
0|000981|20160514|-1
0|002219|20160514|-1
0|002781|20160514|1
1|600516|20160514|1
1|603315|20160514|1
0|000975|20160514|1
0|002785|20160513|1
1|834167|20160513|1
1|834388|20160513|1
1|833800|20160513|1
1|600734|20160513|1
1|603609|20160513|1
0|300294|20160513|-1
0|002634|20160513|-1
0|002483|20160513|1
1|600738|20160513|1
1|601216|20160513|1
1|601566|20160513|1
1|600260|20160513|1
0|002174|20160513|-1
1|600416|20160513|1
0|002204|20160513|1
0|000534|20160513|1
0|002055|20160513|1
0|002466|20160513|1
0|000975|20160513|-1
0|000975|20160513|1
0|002312|20160513|-1
0|002512|20160513|1
0|002416|20160513|1
0|002296|20160513|1
1|600712|20160513|1
0|002280|20160513|1
0|002513|20160513|1
0|002694|20160513|1
0|300315|20160513|-1
0|300263|20160513|-1
0|300328|20160513|-1
0|300198|20160513|-1
1|832714|20160513|1
0|300055|20160513|-1
0|300133|20160513|-1
0|300187|20160513|1
0|300032|20160513|1
0|430738|20160513|1
0|430738|20160513|1
0|430174|20160513|1
1|833483|20160513|1
0|300256|20160513|-1
1|831421|20160513|1
1|831744|20160513|1
1|836125|20160513|1
1|835890|20160513|1
1|831421|20160513|1
0|300328|20160513|-1
1|831421|20160513|1
1|831421|20160513|1
1|834388|20160513|1
1|833483|20160513|1
1|834167|20160513|1
0|430174|20160513|1
1|600984|20160512|1
1|833627|20160512|1
1|834586|20160512|1
0|002373|20160512|-1
1|601700|20160512|1
1|600186|20160512|-1
1|600114|20160512|1
1|600714|20160512|-1
1|600988|20160512|-1
0|000426|20160512|1
1|600870|20160512|-1
1|600078|20160512|-1
1|600477|20160512|1
1|600869|20160512|-1
0|002035|20160512|-1
0|300166|20160512|-1
0|300229|20160512|1
0|002510|20160512|-1
0|300008|20160512|1
0|002652|20160512|-1
0|002342|20160512|1
0|002605|20160512|-1
0|002605|20160512|1
0|002603|20160512|-1
0|002299|20160512|-1
0|002626|20160512|1
0|002766|20160512|1
0|300338|20160512|-1
0|002354|20160512|-1
0|002273|20160512|1
0|300376|20160512|-1
1|600074|20160512|-1
1|600246|20160512|1
0|300231|20160512|-1
0|002219|20160512|1
0|002564|20160512|-1
1|600728|20160512|1
0|000686|20160512|-1
1|832455|20160512|1
0|300203|20160512|-1
0|300122|20160512|1
0|300194|20160512|-1
0|300328|20160512|1
0|300363|20160512|1
0|300279|20160512|1
0|430384|20160512|1
0|300346|20160512|1
0|300014|20160512|1
0|300015|20160512|1
0|300339|20160512|-1
0|430092|20160512|1
1|833390|20160511|1
1|833014|20160511|1
1|831072|20160511|1
1|833482|20160511|1
1|833341|20160511|-1
1|835565|20160511|1
0|430484|20160511|1
0|002723|20160511|1
1|600613|20160511|1
1|900904|20160511|1
1|835976|20160511|1
0|300112|20160511|1
0|002504|20160511|1
0|002504|20160511|-1
0|002114|20160511|1
1|603601|20160511|1
0|002147|20160511|1
0|002370|20160511|1
0|002345|20160511|1
0|300167|20160511|-1
0|002359|20160511|1
0|002482|20160511|1
1|600318|20160511|1
1|600518|20160511|1
0|002171|20160511|1
0|002696|20160511|1
1|600699|20160511|-1
1|600466|20160511|-1
0|002699|20160511|1
0|300313|20160511|-1
1|600277|20160511|1
0|300222|20160511|-1
0|002104|20160511|-1
0|002761|20160511|1
0|002310|20160511|1
1|832909|20160511|-1
1|832909|20160511|-1
0|300459|20160511|-1
0|300156|20160511|1
0|300168|20160511|-1
0|300131|20160511|1
0|300297|20160511|-1
1|600114|20160510|-1
0|000560|20160510|-1
0|002427|20160510|-1
0|002175|20160510|1
0|002318|20160510|1
0|002414|20160510|-1
0|002212|20160510|-1
0|002524|20160510|1
0|002451|20160510|-1
1|600321|20160510|1
1|600666|20160510|1
0|000975|20160510|-1
0|002640|20160510|-1
1|601011|20160510|-1
0|002735|20160510|-1
0|002633|20160510|1
0|002175|20160510|1
0|000534|20160510|-1
0|002342|20160510|-1
0|300142|20160510|-1
0|002228|20160510|-1
1|600763|20160510|1
0|430241|20160510|-1
1|834384|20160510|-1
0|300222|20160510|1
1|831963|20160510|-1
0|300192|20160510|-1
1|835317|20160510|-1
1|834605|20160510|1
1|834440|20160510|1
1|832208|20160510|1
1|600285|20160509|1
0|002416|20160509|-1
0|002723|20160509|-1
0|300359|20160509|1
0|300308|20160509|-1
0|002480|20160509|-1
0|002496|20160509|-1
0|002634|20160509|-1
1|831744|20160509|1
1|832689|20160509|1
1|834790|20160509|-1
0|300100|20160509|1
0|300328|20160509|-1
0|300194|20160509|-1
0|300207|20160509|-1
1|833272|20160509|-1
0|300338|20160509|1
1|833272|20160509|1
1|832657|20160509|1
1|834656|20160509|1
0|300267|20160509|-1
1|831366|20160509|1
0|430016|20160509|1
0|300299|20160509|-1
0|300366|20160509|-1
0|300302|20160509|-1
0|430639|20160509|1
0|300198|20160509|1
0|002632|20160507|-1
1|600380|20160507|-1
1|600714|20160507|-1
0|002104|20160507|-1
0|002240|20160507|-1
0|300013|20160507|-1
1|603919|20160507|1
1|603600|20160507|1
0|002339|20160507|-1
0|002390|20160507|-1
0|002200|20160507|1
0|002765|20160507|-1
0|002132|20160507|1
0|002217|20160507|-1
0|002603|20160507|-1
1|600246|20160507|1
0|002113|20160507|1
0|300506|20160507|1
0|002141|20160507|1
0|300294|20160507|-1
0|002273|20160507|-1
0|002451|20160507|1
0|002526|20160507|1
0|002610|20160507|-1
0|000802|20160507|-1
0|002239|20160507|1
1|600576|20160507|-1
0|002437|20160507|-1
0|002163|20160507|-1
0|002330|20160507|1
0|002316|20160507|1
0|000662|20160507|1
0|002583|20160506|-1
0|002520|20160506|1
0|002342|20160506|1
0|002355|20160506|1
1|600353|20160506|1
1|600613|20160506|1
1|900904|20160506|1
1|600891|20160506|-1
0|002378|20160506|-1
0|300312|20160506|-1
1|600588|20160506|-1
0|002751|20160506|-1
0|002359|20160506|-1
0|002642|20160506|1
1|600052|20160506|-1
0|002426|20160506|1
0|002382|20160506|-1
0|300167|20160506|-1
1|601515|20160506|1
1|600654|20160506|-1
0|002228|20160506|1
1|603369|20160506|-1
0|002280|20160506|1
0|300235|20160506|1
0|300194|20160506|1
0|300372|20160506|-1
1|831744|20160506|1
0|430544|20160506|1
0|300370|20160506|-1
0|300328|20160506|1
0|300449|20160506|1
0|300203|20160506|1
0|430508|20160506|1
0|300256|20160506|-1
0|300110|20160506|1
0|300366|20160506|1
0|300336|20160506|1
0|430359|20160506|1
1|835902|20160506|1
1|831365|20160506|1
1|833662|20160506|1
0|300168|20160506|-1
1|835154|20160506|1
0|430734|20160506|-1
0|300232|20160506|1
1|831365|20160506|1
1|831744|20160506|1
0|430544|20160506|1
1|835902|20160506|1
1|835154|20160506|1
0|430734|20160506|-1
0|430508|20160506|1
0|002568|20160505|1
0|002023|20160505|1
0|002023|20160505|-1
0|002118|20160505|1
0|002517|20160505|1
1|601020|20160505|1
1|600710|20160505|1
0|002510|20160505|-1
0|300312|20160505|1
1|600576|20160505|-1
0|002640|20160505|-1
0|002201|20160505|1
1|601005|20160505|1
0|002354|20160505|1
1|600446|20160505|-1
0|000975|20160505|-1
0|002239|20160505|1
0|000534|20160505|1
0|002583|20160505|1
0|002757|20160505|1
0|000802|20160505|-1
0|300376|20160505|1
0|002322|20160505|1
0|002123|20160505|1
0|000612|20160505|1
0|002210|20160505|-1
0|300367|20160505|1
0|300242|20160505|-1
0|300266|20160505|1
0|300192|20160505|1
0|300194|20160505|-1
0|300111|20160505|-1
1|834061|20160505|1
1|833858|20160505|1
0|430092|20160505|1
1|831887|20160505|1
0|300207|20160505|1
1|833435|20160505|1
1|833435|20160505|1
1|832799|20160505|1
1|835479|20160505|1
0|300449|20160505|1
0|300102|20160505|1
0|300207|20160505|1
0|300300|20160505|1
1|835565|20160505|1
0|430738|20160505|1
0|300234|20160505|1
0|002358|20160504|1
0|002696|20160504|-1
1|603936|20160504|1
0|002629|20160504|1
0|002657|20160504|1
0|300467|20160504|1
1|600074|20160504|-1
1|600318|20160504|-1
0|000558|20160504|-1
0|002210|20160504|1
1|600613|20160504|-1
1|900904|20160504|-1
0|002003|20160504|1
0|300299|20160504|1
0|002448|20160504|-1
0|000796|20160504|1
0|000796|20160504|1
1|830860|20160504|1
1|833483|20160504|1
1|831128|20160504|1
0|300194|20160504|1
0|300038|20160504|1
1|836334|20160504|1
0|430601|20160504|1
0|300297|20160504|1
1|834214|20160504|1
1|835683|20160504|1
1|835683|20160504|1
0|300197|20160504|1
0|000820|20160503|1
0|002131|20160503|-1
1|600052|20160503|-1
0|002488|20160503|1
0|002654|20160503|1
0|300315|20160503|-1
0|300168|20160503|-1
1|831101|20160503|-1
1|832800|20160503|1
0|430508|20160503|-1
1|833930|20160503|-1
0|300349|20160503|-1
1|835728|20160503|1
1|833930|20160503|1
1|834656|20160503|-1
1|834656|20160503|1
1|831609|20160503|1
0|300279|20160503|1
1|833379|20160503|1
1|831265|20160503|1
1|831265|20160503|1
1|831265|20160503|1
1|831265|20160503|1
1|834408|20160503|1
0|300502|20160503|1
0|300071|20160503|-1
0|300191|20160503|-1
0|000564|20160430|1
0|002436|20160430|-1
0|002392|20160430|-1
1|600070|20160430|1
0|300238|20160430|1
0|002696|20160430|1
0|002261|20160430|-1
0|002236|20160430|-1
0|000782|20160430|1
0|000697|20160430|1
0|000892|20160430|1
0|002118|20160430|-1
0|002383|20160430|1
0|002674|20160430|1
0|002538|20160430|-1
1|603318|20160430|1
0|000593|20160430|-1
0|000998|20160430|-1
0|002354|20160430|1
1|600175|20160430|1
0|002717|20160430|-1
0|002459|20160430|-1
1|600175|20160430|1
0|002439|20160430|1
1|600077|20160430|-1
0|002771|20160430|1
0|300026|20160430|1
0|300308|20160430|1
0|002647|20160430|1
0|300013|20160430|1
1|600137|20160430|-1
1|601555|20160430|1
1|600890|20160430|1
1|600988|20160430|1
1|600572|20160430|-1
0|002313|20160429|1
0|000407|20160429|1
0|002023|20160429|1
0|300051|20160429|1
0|002547|20160429|-1
0|002296|20160429|1
0|002090|20160429|-1
0|002514|20160429|1
0|000419|20160429|1
0|002172|20160429|1
0|300069|20160429|1
0|002217|20160429|-1
0|002329|20160429|1
0|000975|20160429|-1
1|600867|20160429|1
0|002584|20160429|1
0|000686|20160429|1
0|002178|20160429|-1
0|000703|20160429|1
1|600735|20160429|1
1|600735|20160429|-1
0|002684|20160429|1
0|002684|20160429|1
1|600869|20160429|1
1|600208|20160429|-1
0|002359|20160429|1
0|002310|20160429|-1
1|600462|20160429|1
1|601216|20160429|-1
1|603600|20160429|-1
0|300110|20160429|-1
0|300015|20160429|1
0|300338|20160429|1
0|300063|20160429|-1
0|300207|20160429|-1
0|300478|20160429|1
0|300349|20160429|1
1|832458|20160429|1
1|833048|20160429|1
1|832419|20160429|-1
0|430758|20160429|-1
1|831397|20160429|-1
1|836299|20160429|1
1|836262|20160429|1
0|430486|20160429|1
1|831710|20160429|-1
1|835130|20160429|1
0|300115|20160429|1
0|300431|20160429|-1
0|430709|20160429|1
